20 95
1 11
3 1
3 4
3 6
3 9
3 11
3 12
3 13
3 14
3 15
3 16
3 17
3 19
3 20
4 15
6 4
6 9
6 12
6 13
6 14
6 15
6 17
6 19
6 20
7 18
8 1
8 2
8 3
8 4
8 5
8 6
8 9
8 10
8 11
8 12
8 13
8 14
8 15
8 16
8 17
8 19
8 20
9 14
9 17
10 3
11 4
11 6
11 9
11 12
11 14
11 15
11 17
11 19
11 20
12 4
12 9
12 17
12 19
12 20
15 14
16 1
16 2
16 4
16 6
16 9
16 11
16 12
16 13
16 14
16 15
16 17
16 19
16 20
17 14
17 19
18 1
18 2
18 3
18 4
18 6
18 8
18 9
18 10
18 11
18 12
18 13
18 14
18 15
18 16
18 17
18 19
18 20
19 14
20 9
20 14
