26 155
1 13
1 18
1 20
1 22
2 1
2 9
2 10
2 12
2 13
2 14
2 16
2 18
2 20
2 22
2 24
2 25
3 1
3 2
3 4
3 5
3 6
3 9
3 10
3 11
3 12
3 13
3 14
3 15
3 16
3 18
3 20
3 22
3 23
3 24
3 25
3 26
4 11
5 23
7 1
7 2
7 3
7 4
7 5
7 6
7 8
7 9
7 10
7 11
7 12
7 13
7 14
7 15
7 16
7 17
7 18
7 20
7 21
7 22
7 23
7 24
7 25
7 26
9 1
9 10
9 12
9 13
9 16
9 18
9 20
9 22
9 25
10 20
11 1
11 2
11 9
11 10
11 12
11 13
11 14
11 16
11 18
11 20
11 22
11 25
12 20
13 22
16 1
16 10
16 12
16 20
16 22
17 21
18 22
20 22
21 1
21 2
21 3
21 4
21 5
21 6
21 9
21 10
21 11
21 12
21 13
21 14
21 16
21 18
21 20
21 22
21 23
21 24
21 25
21 26
23 1
23 2
23 4
23 9
23 10
23 11
23 12
23 13
23 14
23 16
23 18
23 20
23 22
23 24
23 25
23 26
25 1
25 10
25 12
25 13
25 14
25 16
25 18
25 20
25 22
26 1
26 2
26 4
26 6
26 9
26 10
26 11
26 12
26 13
26 14
26 16
26 18
26 20
26 22
26 24
26 25
