35 180
2 1
2 3
2 7
2 9
2 10
2 11
2 13
2 14
2 15
2 16
2 18
2 22
2 24
2 25
2 27
2 29
2 31
2 34
3 1
3 7
3 13
3 14
3 15
3 27
3 29
3 31
4 1
4 3
4 10
4 13
4 14
4 15
4 22
4 25
4 27
4 34
5 2
5 3
5 4
5 8
5 9
5 10
5 14
5 15
5 16
5 22
5 24
5 25
5 34
6 2
6 3
6 4
6 7
6 8
6 11
6 12
6 13
6 14
6 15
6 17
6 18
6 24
6 26
6 29
6 30
6 31
6 34
9 1
9 3
9 10
9 12
9 14
9 15
9 18
9 25
9 27
9 30
9 34
10 1
10 3
10 11
10 13
10 14
10 15
10 22
10 25
10 26
10 27
10 29
10 31
11 18
11 27
12 1
12 30
13 1
13 11
13 12
13 18
13 26
13 27
13 29
13 30
14 13
15 1
15 12
15 13
15 14
15 26
15 27
15 29
15 30
15 31
15 34
18 1
20 1
20 2
20 4
20 7
20 8
20 9
20 10
20 11
20 16
20 18
20 22
20 24
20 27
20 30
21 28
25 3
26 1
26 12
26 27
26 30
27 1
28 1
28 2
28 4
28 5
28 6
28 7
28 8
28 9
28 10
28 11
28 16
28 17
28 18
28 19
28 20
28 22
28 23
28 24
28 27
28 30
28 32
28 33
28 35
29 1
29 7
29 12
29 18
29 26
29 27
29 31
32 3
32 5
32 11
32 12
32 13
32 14
32 15
32 25
32 26
32 29
32 30
32 31
32 33
32 34
35 32
