40 379
2 6
2 7
2 10
2 13
2 16
2 17
2 18
2 22
2 23
2 25
2 27
2 31
2 38
4 1
4 2
4 3
4 6
4 7
4 10
4 13
4 16
4 17
4 18
4 22
4 23
4 24
4 25
4 27
4 28
4 31
4 35
4 38
4 39
6 10
6 13
6 16
6 17
6 22
6 25
6 27
6 31
6 38
7 23
8 1
8 2
8 3
8 4
8 5
8 6
8 7
8 9
8 10
8 11
8 12
8 13
8 14
8 16
8 17
8 18
8 19
8 20
8 21
8 22
8 23
8 24
8 25
8 26
8 27
8 28
8 29
8 31
8 32
8 33
8 34
8 35
8 36
8 37
8 38
8 39
8 40
9 1
9 2
9 3
9 4
9 6
9 7
9 10
9 13
9 16
9 17
9 18
9 21
9 22
9 23
9 24
9 25
9 27
9 28
9 31
9 33
9 35
9 38
9 39
9 40
10 13
11 20
14 2
15 8
16 31
18 3
18 6
18 7
18 10
18 13
18 16
18 17
18 22
18 23
18 25
18 27
18 31
18 38
19 9
20 1
20 2
20 3
20 4
20 5
20 6
20 7
20 9
20 10
20 13
20 16
20 17
20 18
20 19
20 21
20 22
20 23
20 24
20 25
20 26
20 27
20 28
20 31
20 33
20 35
20 38
20 39
20 40
21 1
21 2
21 3
21 4
21 5
21 6
21 7
21 10
21 13
21 16
21 17
21 18
21 22
21 23
21 24
21 25
21 27
21 28
21 31
21 33
21 35
21 38
21 39
21 40
22 13
23 6
23 10
23 13
23 16
23 22
23 25
23 27
23 31
23 38
24 1
24 2
24 3
24 6
24 7
24 10
24 13
24 16
24 17
24 18
24 22
24 23
24 25
24 27
24 31
24 38
25 10
25 22
26 1
26 2
26 3
26 4
26 5
26 6
26 7
26 9
26 10
26 13
26 16
26 17
26 18
26 19
26 21
26 22
26 23
26 24
26 25
26 27
26 28
26 31
26 33
26 34
26 35
26 38
26 39
26 40
27 10
27 16
27 25
27 38
28 35
29 1
29 2
29 3
29 4
29 5
29 6
29 7
29 9
29 10
29 11
29 12
29 13
29 16
29 17
29 18
29 19
29 20
29 21
29 22
29 23
29 24
29 25
29 26
29 27
29 28
29 30
29 31
29 32
29 33
29 34
29 35
29 36
29 37
29 38
29 39
29 40
31 10
31 13
32 1
32 2
32 3
32 4
32 5
32 6
32 7
32 9
32 10
32 11
32 12
32 13
32 16
32 17
32 18
32 19
32 20
32 21
32 22
32 23
32 24
32 25
32 26
32 27
32 28
32 31
32 33
32 34
32 35
32 38
32 39
32 40
33 1
33 2
33 3
33 4
33 6
33 7
33 10
33 13
33 16
33 17
33 18
33 22
33 23
33 24
33 25
33 27
33 28
33 31
33 35
33 38
35 2
35 3
35 6
35 7
35 10
35 13
35 16
35 17
35 18
35 22
35 23
35 24
35 25
35 27
35 31
35 38
36 1
36 2
36 3
36 4
36 5
36 6
36 7
36 9
36 10
36 11
36 13
36 16
36 17
36 18
36 19
36 20
36 21
36 22
36 23
36 24
36 25
36 26
36 27
36 28
36 31
36 32
36 33
36 34
36 35
36 38
36 39
36 40
37 36
38 13
38 16
38 22
40 33
