67 1118
1 2
1 5
1 6
1 10
1 12
1 17
1 19
1 20
1 24
1 28
1 31
1 35
1 36
1 39
1 46
1 50
1 60
1 61
1 66
2 6
2 15
2 16
2 18
2 19
2 23
2 32
2 41
2 56
2 66
2 67
4 37
6 15
6 16
6 18
6 19
6 32
6 41
6 66
6 67
7 2
7 6
7 17
7 19
7 61
7 66
8 2
8 12
8 17
8 35
8 61
8 66
9 2
9 5
9 6
9 12
9 17
9 19
9 20
9 24
9 31
9 35
9 36
9 39
9 50
9 60
9 61
9 66
10 2
10 5
10 6
10 7
10 12
10 16
10 17
10 19
10 20
10 24
10 26
10 32
10 35
10 41
10 46
10 50
10 60
10 61
10 66
11 2
11 5
11 6
11 12
11 17
11 24
11 31
11 35
11 36
11 61
11 66
12 2
12 6
12 7
12 15
12 16
12 17
12 18
12 19
12 23
12 26
12 32
12 33
12 38
12 41
12 51
12 56
12 61
12 66
12 67
13 2
13 12
13 17
13 35
13 40
13 61
14 1
14 2
14 5
14 6
14 7
14 9
14 10
14 12
14 16
14 17
14 19
14 20
14 21
14 22
14 23
14 24
14 26
14 27
14 28
14 31
14 32
14 35
14 36
14 37
14 39
14 40
14 41
14 43
14 44
14 45
14 46
14 49
14 50
14 52
14 58
14 60
14 61
14 62
14 64
14 65
14 66
14 67
15 66
16 66
17 2
17 6
17 15
17 16
17 18
17 19
17 23
17 32
17 33
17 38
17 41
17 56
17 61
17 66
17 67
19 16
19 41
19 66
19 67
20 2
20 5
20 6
20 7
20 12
20 16
20 17
20 19
20 23
20 26
20 32
20 33
20 41
20 51
20 61
20 66
20 67
21 2
21 5
21 6
21 10
21 12
21 17
21 19
21 20
21 22
21 24
21 26
21 27
21 28
21 31
21 35
21 36
21 39
21 40
21 41
21 43
21 44
21 46
21 49
21 50
21 58
21 60
21 61
21 62
21 66
22 2
22 5
22 6
22 10
22 12
22 17
22 19
22 20
22 24
22 26
22 28
22 31
22 35
22 36
22 39
22 46
22 50
22 60
22 61
22 66
23 6
23 19
23 66
24 2
24 5
24 6
24 7
24 12
24 16
24 17
24 18
24 19
24 20
24 23
24 26
24 32
24 33
24 35
24 38
24 41
24 46
24 51
24 60
24 61
24 66
24 67
25 2
25 5
25 6
25 12
25 17
25 20
25 24
25 31
25 35
25 36
25 37
25 39
25 40
25 49
25 60
25 61
25 64
25 66
26 2
26 6
26 17
26 19
26 41
26 61
26 66
27 2
27 5
27 6
27 10
27 12
27 16
27 17
27 19
27 20
27 22
27 24
27 26
27 28
27 31
27 32
27 35
27 36
27 39
27 41
27 46
27 50
27 60
27 61
27 62
27 66
29 2
29 6
29 12
29 17
29 24
29 35
29 36
29 37
29 40
29 61
29 64
29 66
30 2
30 5
30 6
30 10
30 12
30 14
30 17
30 19
30 20
30 21
30 22
30 24
30 26
30 27
30 28
30 31
30 32
30 35
30 36
30 37
30 39
30 40
30 41
30 43
30 44
30 46
30 48
30 49
30 50
30 52
30 55
30 58
30 60
30 61
30 62
30 63
30 64
30 66
31 2
31 5
31 6
31 7
31 10
31 12
31 15
31 16
31 17
31 18
31 19
31 20
31 23
31 24
31 26
31 28
31 32
31 33
31 35
31 36
31 38
31 39
31 41
31 46
31 50
31 51
31 60
31 61
31 66
31 67
32 19
32 66
33 2
33 6
33 66
35 2
35 5
35 6
35 7
35 12
35 15
35 16
35 17
35 18
35 19
35 20
35 23
35 26
35 32
35 33
35 38
35 41
35 51
35 56
35 61
35 66
35 67
37 1
37 2
37 5
37 6
37 7
37 8
37 9
37 10
37 11
37 12
37 13
37 15
37 16
37 17
37 18
37 19
37 20
37 21
37 22
37 23
37 24
37 26
37 27
37 28
37 31
37 32
37 33
37 34
37 35
37 36
37 38
37 39
37 40
37 41
37 42
37 43
37 44
37 45
37 46
37 47
37 49
37 50
37 51
37 52
37 53
37 54
37 56
37 57
37 58
37 60
37 61
37 62
37 64
37 65
37 66
37 67
38 2
38 6
38 66
39 2
39 5
39 6
39 7
39 10
39 12
39 16
39 17
39 19
39 20
39 23
39 24
39 26
39 32
39 33
39 35
39 36
39 41
39 46
39 50
39 51
39 60
39 61
39 66
39 67
40 1
40 2
40 3
40 5
40 6
40 7
40 8
40 9
40 10
40 11
40 12
40 15
40 16
40 17
40 18
40 19
40 20
40 22
40 23
40 24
40 26
40 27
40 28
40 31
40 32
40 33
40 34
40 35
40 36
40 38
40 39
40 41
40 42
40 45
40 46
40 47
40 49
40 50
40 51
40 53
40 54
40 56
40 58
40 60
40 61
40 62
40 66
40 67
42 2
42 5
42 6
42 12
42 17
42 19
42 20
42 24
42 31
42 35
42 36
42 39
42 60
42 61
42 66
43 2
43 5
43 6
43 10
43 12
43 17
43 19
43 20
43 22
43 24
43 26
43 27
43 28
43 31
43 35
43 36
43 39
43 40
43 41
43 46
43 49
43 50
43 58
43 60
43 61
43 62
43 66
44 2
44 5
44 6
44 10
44 12
44 17
44 19
44 20
44 24
44 26
44 27
44 28
44 31
44 35
44 36
44 39
44 40
44 43
44 46
44 49
44 50
44 58
44 60
44 61
44 66
45 2
45 5
45 6
45 10
45 12
45 17
45 19
45 20
45 24
45 31
45 35
45 36
45 39
45 46
45 50
45 60
45 61
45 66
46 2
46 5
46 6
46 12
46 16
46 17
46 19
46 20
46 26
46 32
46 35
46 41
46 60
46 61
46 66
46 67
47 12
47 35
48 1
48 2
48 5
48 6
48 7
48 8
48 9
48 10
48 11
48 12
48 13
48 14
48 15
48 16
48 17
48 18
48 19
48 20
48 21
48 22
48 23
48 24
48 25
48 26
48 27
48 28
48 29
48 31
48 32
48 33
48 35
48 36
48 37
48 38
48 39
48 40
48 41
48 42
48 43
48 44
48 45
48 46
48 49
48 50
48 51
48 52
48 53
48 55
48 58
48 60
48 61
48 62
48 63
48 64
48 65
48 66
48 67
49 1
49 2
49 5
49 6
49 7
49 9
49 10
49 11
49 12
49 16
49 17
49 18
49 19
49 20
49 22
49 23
49 24
49 26
49 27
49 28
49 31
49 32
49 33
49 35
49 36
49 39
49 41
49 42
49 45
49 46
49 50
49 51
49 60
49 61
49 62
49 66
49 67
50 2
50 5
50 6
50 7
50 12
50 16
50 17
50 19
50 20
50 24
50 26
50 32
50 35
50 41
50 46
50 60
50 61
50 66
50 67
51 2
51 6
51 17
51 61
51 66
52 2
52 5
52 6
52 10
52 12
52 17
52 19
52 20
52 21
52 24
52 26
52 27
52 28
52 31
52 35
52 36
52 39
52 40
52 46
52 49
52 50
52 60
52 61
52 64
52 66
54 2
54 35
55 1
55 2
55 5
55 6
55 7
55 8
55 9
55 10
55 11
55 12
55 13
55 14
55 15
55 16
55 17
55 18
55 19
55 20
55 21
55 22
55 23
55 24
55 25
55 26
55 27
55 28
55 29
55 31
55 32
55 33
55 35
55 36
55 37
55 38
55 39
55 40
55 41
55 42
55 43
55 44
55 45
55 46
55 49
55 50
55 51
55 52
55 53
55 57
55 58
55 60
55 61
55 62
55 64
55 65
55 66
55 67
57 2
57 12
57 17
57 35
57 40
57 61
58 2
58 5
58 6
58 10
58 12
58 17
58 19
58 20
58 22
58 24
58 26
58 27
58 28
58 31
58 35
58 36
58 39
58 46
58 49
58 50
58 60
58 61
58 66
59 1
59 2
59 5
59 6
59 7
59 9
59 10
59 12
59 14
59 16
59 17
59 19
59 20
59 21
59 22
59 23
59 24
59 25
59 26
59 27
59 28
59 30
59 31
59 32
59 35
59 36
59 37
59 39
59 40
59 41
59 42
59 43
59 44
59 45
59 46
59 48
59 49
59 50
59 52
59 55
59 58
59 60
59 61
59 62
59 63
59 64
59 65
59 66
59 67
60 2
60 5
60 6
60 7
60 12
60 16
60 17
60 19
60 20
60 23
60 26
60 32
60 35
60 41
60 51
60 61
60 66
60 67
61 2
61 6
61 15
61 16
61 18
61 19
61 23
61 32
61 33
61 38
61 41
61 66
61 67
62 2
62 5
62 6
62 10
62 12
62 17
62 19
62 20
62 24
62 26
62 28
62 31
62 35
62 36
62 39
62 41
62 46
62 50
62 60
62 61
62 66
63 1
63 2
63 5
63 6
63 7
63 9
63 10
63 12
63 14
63 16
63 17
63 19
63 20
63 21
63 22
63 23
63 24
63 26
63 27
63 28
63 31
63 32
63 35
63 36
63 37
63 39
63 40
63 41
63 42
63 43
63 44
63 45
63 46
63 49
63 50
63 52
63 55
63 58
63 60
63 61
63 62
63 64
63 65
63 66
63 67
64 1
64 2
64 5
64 6
64 7
64 8
64 9
64 10
64 11
64 12
64 13
64 15
64 16
64 17
64 18
64 19
64 20
64 21
64 22
64 23
64 24
64 26
64 27
64 28
64 31
64 32
64 33
64 35
64 36
64 38
64 39
64 40
64 41
64 42
64 43
64 44
64 45
64 46
64 49
64 50
64 51
64 53
64 58
64 60
64 61
64 62
64 65
64 66
64 67
65 2
65 5
65 6
65 10
65 12
65 17
65 19
65 20
65 24
65 28
65 31
65 35
65 36
65 39
65 40
65 46
65 49
65 50
65 60
65 61
65 66
66 18
66 41
67 66
