99 1941
1 11
1 17
1 32
1 45
1 52
1 78
1 93
2 3
2 5
2 6
2 7
2 9
2 10
2 11
2 14
2 15
2 16
2 17
2 18
2 19
2 20
2 22
2 23
2 25
2 26
2 27
2 28
2 31
2 32
2 34
2 35
2 36
2 39
2 40
2 42
2 44
2 45
2 47
2 48
2 50
2 51
2 52
2 53
2 54
2 55
2 56
2 61
2 62
2 65
2 69
2 71
2 73
2 76
2 77
2 78
2 79
2 80
2 82
2 83
2 84
2 85
2 87
2 91
2 92
2 93
2 99
3 5
3 19
3 27
3 34
3 35
3 44
3 45
3 53
3 56
3 57
3 73
3 85
3 89
3 93
3 99
4 45
7 1
7 3
7 5
7 6
7 8
7 9
7 10
7 11
7 12
7 14
7 15
7 16
7 17
7 18
7 19
7 20
7 21
7 22
7 24
7 25
7 26
7 27
7 28
7 29
7 31
7 32
7 33
7 34
7 35
7 36
7 37
7 38
7 39
7 40
7 41
7 42
7 43
7 44
7 45
7 46
7 47
7 48
7 49
7 50
7 51
7 52
7 53
7 54
7 56
7 57
7 58
7 59
7 62
7 63
7 64
7 65
7 67
7 68
7 69
7 70
7 71
7 73
7 74
7 75
7 76
7 77
7 78
7 79
7 81
7 82
7 83
7 84
7 85
7 86
7 87
7 89
7 90
7 91
7 92
7 93
7 94
7 95
7 96
7 97
7 98
7 99
8 3
8 9
8 11
8 17
8 19
8 22
8 25
8 26
8 32
8 36
8 39
8 40
8 42
8 44
8 45
8 48
8 52
8 62
8 65
8 69
8 71
8 77
8 78
8 82
8 84
8 85
8 93
9 3
9 5
9 15
9 18
9 19
9 27
9 28
9 34
9 35
9 44
9 45
9 47
9 53
9 56
9 62
9 73
9 76
9 85
9 91
9 93
9 99
10 3
10 5
10 6
10 8
10 9
10 11
10 14
10 15
10 16
10 17
10 18
10 19
10 20
10 22
10 25
10 26
10 27
10 28
10 31
10 32
10 33
10 34
10 35
10 36
10 39
10 40
10 42
10 44
10 45
10 47
10 48
10 49
10 50
10 51
10 52
10 53
10 54
10 56
10 59
10 62
10 65
10 69
10 71
10 73
10 76
10 77
10 78
10 79
10 81
10 82
10 83
10 84
10 85
10 87
10 89
10 91
10 92
10 93
10 96
10 97
10 99
11 3
11 5
11 6
11 9
11 14
11 15
11 17
11 18
11 19
11 21
11 27
11 28
11 32
11 34
11 35
11 36
11 38
11 40
11 41
11 43
11 44
11 45
11 47
11 50
11 51
11 52
11 53
11 56
11 57
11 59
11 62
11 63
11 65
11 73
11 75
11 76
11 85
11 89
11 91
11 93
11 94
11 95
11 97
11 99
12 45
12 52
13 3
13 7
13 11
13 17
13 19
13 22
13 25
13 26
13 31
13 32
13 36
13 39
13 40
13 42
13 44
13 45
13 48
13 52
13 62
13 65
13 77
13 78
13 83
13 84
13 85
13 93
15 3
15 5
15 18
15 19
15 27
15 28
15 35
15 44
15 45
15 47
15 53
15 56
15 62
15 76
15 85
15 91
15 93
16 3
16 6
16 9
16 11
16 15
16 17
16 18
16 19
16 28
16 32
16 36
16 40
16 44
16 45
16 51
16 52
16 53
16 62
16 65
16 76
16 78
16 85
16 93
18 3
18 19
18 27
18 28
18 35
18 44
18 45
18 53
18 56
18 85
18 93
19 5
19 27
19 38
19 45
19 53
19 56
19 73
19 93
20 3
20 9
20 11
20 15
20 17
20 18
20 19
20 22
20 25
20 26
20 31
20 32
20 36
20 39
20 40
20 42
20 44
20 45
20 48
20 52
20 62
20 65
20 69
20 71
20 76
20 77
20 78
20 79
20 82
20 83
20 84
20 85
20 93
21 45
21 93
23 1
23 3
23 5
23 6
23 7
23 8
23 9
23 10
23 11
23 13
23 14
23 15
23 16
23 17
23 18
23 19
23 20
23 21
23 22
23 25
23 26
23 27
23 28
23 31
23 32
23 33
23 34
23 35
23 36
23 37
23 38
23 39
23 40
23 41
23 42
23 43
23 44
23 45
23 46
23 47
23 48
23 49
23 50
23 51
23 52
23 53
23 54
23 55
23 56
23 57
23 58
23 59
23 60
23 61
23 62
23 63
23 64
23 65
23 67
23 68
23 69
23 71
23 73
23 75
23 76
23 77
23 78
23 79
23 80
23 81
23 82
23 83
23 84
23 85
23 86
23 87
23 89
23 90
23 91
23 92
23 93
23 94
23 95
23 96
23 97
23 99
24 17
24 45
24 48
24 52
26 3
26 5
26 6
26 9
26 11
26 14
26 15
26 16
26 17
26 18
26 19
26 21
26 27
26 28
26 32
26 33
26 34
26 35
26 36
26 38
26 40
26 41
26 42
26 43
26 44
26 45
26 47
26 49
26 50
26 51
26 52
26 53
26 56
26 57
26 59
26 62
26 63
26 64
26 65
26 73
26 76
26 78
26 79
26 84
26 85
26 86
26 87
26 89
26 91
26 93
26 94
26 95
26 97
26 99
27 45
27 93
28 3
28 19
28 44
28 45
28 53
28 56
28 85
28 93
29 45
29 93
30 48
31 3
31 5
31 6
31 8
31 9
31 11
31 14
31 15
31 16
31 17
31 18
31 19
31 21
31 22
31 25
31 26
31 27
31 28
31 32
31 33
31 34
31 35
31 36
31 37
31 38
31 39
31 40
31 41
31 42
31 43
31 44
31 45
31 47
31 48
31 49
31 50
31 51
31 52
31 53
31 54
31 56
31 57
31 58
31 59
31 62
31 63
31 64
31 65
31 68
31 69
31 71
31 73
31 75
31 76
31 77
31 78
31 79
31 81
31 82
31 84
31 85
31 86
31 87
31 89
31 91
31 92
31 93
31 94
31 95
31 96
31 97
31 99
32 3
32 5
32 6
32 9
32 14
32 15
32 17
32 18
32 19
32 21
32 27
32 28
32 34
32 35
32 36
32 38
32 40
32 41
32 43
32 44
32 45
32 47
32 50
32 53
32 56
32 57
32 59
32 62
32 63
32 65
32 73
32 75
32 76
32 85
32 89
32 91
32 93
32 94
32 95
32 97
32 99
33 3
33 11
33 17
33 19
33 32
33 36
33 40
33 42
33 44
33 45
33 52
33 62
33 65
33 78
33 84
33 85
33 93
34 19
34 44
34 45
34 85
34 93
35 19
35 45
35 53
35 93
36 3
36 5
36 6
36 9
36 14
36 15
36 17
36 18
36 19
36 27
36 28
36 34
36 35
36 38
36 40
36 41
36 43
36 44
36 45
36 47
36 50
36 53
36 56
36 57
36 59
36 62
36 65
36 73
36 76
36 85
36 89
36 91
36 93
36 94
36 99
38 45
38 93
39 11
39 16
39 22
39 25
39 26
39 32
39 33
39 42
39 48
39 49
39 51
39 52
39 54
39 58
39 64
39 69
39 71
39 77
39 78
39 79
39 81
39 82
39 84
39 87
39 92
39 96
40 3
40 5
40 6
40 9
40 14
40 15
40 17
40 18
40 19
40 27
40 28
40 34
40 35
40 38
40 41
40 43
40 44
40 45
40 47
40 50
40 53
40 56
40 57
40 59
40 62
40 65
40 73
40 76
40 85
40 89
40 91
40 93
40 94
40 99
41 19
41 44
41 45
41 93
42 3
42 5
42 6
42 9
42 11
42 14
42 15
42 16
42 17
42 18
42 19
42 27
42 28
42 32
42 34
42 35
42 36
42 40
42 44
42 45
42 47
42 50
42 51
42 52
42 53
42 56
42 57
42 59
42 62
42 64
42 65
42 73
42 76
42 78
42 84
42 85
42 87
42 89
42 91
42 93
42 94
42 97
42 99
44 5
44 19
44 27
44 35
44 38
44 45
44 53
44 56
44 57
44 73
44 89
44 93
45 5
45 56
45 73
45 93
46 11
46 17
46 19
46 22
46 25
46 26
46 31
46 32
46 36
46 39
46 40
46 44
46 45
46 48
46 52
46 62
46 77
46 78
46 83
46 93
47 3
47 18
47 19
47 44
47 45
47 53
47 85
47 93
48 1
48 3
48 5
48 6
48 9
48 11
48 12
48 14
48 15
48 16
48 17
48 18
48 19
48 21
48 26
48 27
48 28
48 29
48 32
48 33
48 34
48 35
48 36
48 38
48 40
48 41
48 42
48 43
48 44
48 45
48 47
48 49
48 50
48 51
48 52
48 53
48 54
48 56
48 57
48 58
48 59
48 62
48 63
48 64
48 65
48 66
48 68
48 71
48 73
48 74
48 75
48 76
48 78
48 79
48 84
48 85
48 86
48 87
48 89
48 91
48 93
48 94
48 95
48 97
48 99
49 3
49 9
49 11
49 17
49 19
49 32
49 36
49 40
49 42
49 44
49 45
49 52
49 62
49 65
49 78
49 84
49 85
49 93
50 3
50 9
50 15
50 19
50 44
50 45
50 62
50 76
50 85
50 93
51 3
51 6
51 9
51 14
51 15
51 17
51 18
51 19
51 32
51 36
51 40
51 44
51 45
51 53
51 62
51 65
51 76
51 85
51 93
52 3
52 5
52 6
52 9
52 14
52 15
52 17
52 18
52 19
52 21
52 27
52 28
52 29
52 32
52 34
52 35
52 36
52 38
52 40
52 41
52 43
52 44
52 45
52 47
52 50
52 51
52 53
52 56
52 57
52 59
52 62
52 63
52 65
52 73
52 75
52 76
52 85
52 89
52 91
52 93
52 94
52 95
52 97
52 99
53 5
53 27
53 45
53 56
53 93
54 3
54 6
54 9
54 11
54 14
54 15
54 16
54 17
54 18
54 19
54 26
54 27
54 28
54 32
54 35
54 36
54 40
54 42
54 44
54 45
54 51
54 52
54 53
54 56
54 62
54 65
54 71
54 76
54 78
54 79
54 84
54 85
54 87
54 91
54 93
55 3
55 5
55 6
55 7
55 8
55 9
55 10
55 11
55 13
55 14
55 15
55 16
55 17
55 18
55 19
55 20
55 22
55 25
55 26
55 27
55 28
55 31
55 32
55 33
55 34
55 35
55 36
55 38
55 39
55 40
55 41
55 42
55 43
55 44
55 45
55 46
55 47
55 48
55 49
55 50
55 51
55 52
55 53
55 54
55 56
55 57
55 58
55 59
55 61
55 62
55 64
55 65
55 67
55 69
55 71
55 73
55 76
55 77
55 78
55 79
55 81
55 82
55 83
55 84
55 85
55 87
55 89
55 91
55 92
55 93
55 94
55 95
55 96
55 97
55 99
56 93
57 19
57 45
57 93
58 11
58 17
58 19
58 26
58 32
58 36
58 44
58 45
58 52
58 78
58 93
59 3
59 19
59 44
59 45
59 85
59 93
60 7
60 11
60 17
60 22
60 25
60 32
60 45
60 48
60 52
60 61
60 78
60 83
60 93
61 1
61 3
61 5
61 6
61 7
61 8
61 9
61 10
61 11
61 13
61 14
61 15
61 16
61 17
61 18
61 19
61 20
61 21
61 22
61 24
61 25
61 26
61 27
61 28
61 29
61 31
61 32
61 33
61 34
61 35
61 36
61 37
61 38
61 39
61 40
61 41
61 42
61 43
61 44
61 45
61 46
61 47
61 48
61 49
61 50
61 51
61 52
61 53
61 54
61 56
61 57
61 58
61 59
61 62
61 63
61 64
61 65
61 67
61 68
61 69
61 70
61 71
61 73
61 74
61 75
61 76
61 77
61 78
61 79
61 81
61 82
61 83
61 84
61 85
61 86
61 87
61 89
61 90
61 91
61 92
61 93
61 94
61 95
61 96
61 97
61 98
61 99
62 3
62 5
62 18
62 19
62 27
62 28
62 34
62 35
62 38
62 44
62 45
62 47
62 53
62 56
62 57
62 59
62 73
62 85
62 89
62 93
62 99
63 44
63 45
63 93
64 3
64 11
64 17
64 19
64 32
64 36
64 40
64 44
64 45
64 52
64 62
64 65
64 78
64 85
64 93
66 45
67 11
67 17
67 22
67 25
67 26
67 31
67 32
67 39
67 44
67 45
67 48
67 52
67 77
67 78
67 83
67 93
68 11
68 17
68 32
68 45
68 52
68 78
68 93
71 3
71 5
71 6
71 9
71 11
71 14
71 15
71 16
71 17
71 18
71 19
71 26
71 27
71 28
71 32
71 33
71 34
71 35
71 36
71 40
71 42
71 44
71 45
71 47
71 49
71 50
71 51
71 52
71 53
71 56
71 59
71 62
71 65
71 73
71 76
71 78
71 79
71 84
71 85
71 87
71 89
71 91
71 93
71 99
72 7
72 45
72 48
74 45
75 45
75 93
76 3
76 5
76 18
76 19
76 27
76 28
76 35
76 44
76 45
76 47
76 53
76 56
76 62
76 73
76 85
76 93
76 99
77 3
77 5
77 6
77 9
77 11
77 14
77 15
77 16
77 17
77 18
77 19
77 26
77 27
77 28
77 32
77 33
77 34
77 35
77 36
77 38
77 40
77 41
77 42
77 43
77 44
77 45
77 47
77 48
77 49
77 50
77 51
77 52
77 53
77 54
77 56
77 57
77 58
77 59
77 62
77 63
77 64
77 65
77 68
77 71
77 73
77 76
77 78
77 79
77 81
77 82
77 84
77 85
77 86
77 87
77 89
77 91
77 93
77 94
77 95
77 97
77 99
78 3
78 5
78 6
78 9
78 11
78 14
78 15
78 17
78 18
78 19
78 21
78 27
78 28
78 29
78 32
78 34
78 35
78 36
78 38
78 40
78 41
78 43
78 44
78 45
78 47
78 50
78 51
78 52
78 53
78 56
78 57
78 59
78 62
78 63
78 65
78 73
78 75
78 76
78 85
78 89
78 91
78 93
78 94
78 95
78 97
78 99
79 3
79 5
79 6
79 9
79 11
79 14
79 15
79 16
79 17
79 18
79 19
79 27
79 28
79 32
79 35
79 36
79 40
79 42
79 44
79 45
79 47
79 50
79 51
79 52
79 53
79 56
79 62
79 65
79 76
79 78
79 84
79 85
79 87
79 91
79 93
79 99
80 3
80 5
80 6
80 7
80 8
80 9
80 10
80 11
80 13
80 14
80 15
80 16
80 17
80 18
80 19
80 20
80 22
80 25
80 26
80 27
80 28
80 31
80 32
80 33
80 34
80 35
80 36
80 39
80 40
80 42
80 44
80 45
80 47
80 48
80 49
80 50
80 51
80 52
80 53
80 54
80 55
80 56
80 59
80 61
80 62
80 65
80 69
80 71
80 73
80 76
80 77
80 78
80 79
80 81
80 82
80 83
80 84
80 85
80 87
80 89
80 91
80 92
80 93
80 97
80 99
81 3
81 11
81 17
81 19
81 26
81 32
81 36
81 40
81 42
81 44
81 45
81 48
81 52
81 62
81 65
81 71
81 78
81 82
81 84
81 85
81 93
82 3
82 5
82 6
82 9
82 11
82 14
82 15
82 16
82 17
82 18
82 19
82 26
82 27
82 28
82 32
82 34
82 35
82 36
82 40
82 42
82 44
82 45
82 47
82 48
82 50
82 51
82 52
82 53
82 54
82 56
82 62
82 65
82 71
82 73
82 76
82 78
82 79
82 84
82 85
82 87
82 91
82 93
82 99
83 3
83 5
83 6
83 8
83 9
83 11
83 14
83 15
83 16
83 17
83 18
83 19
83 21
83 22
83 25
83 26
83 27
83 28
83 31
83 32
83 33
83 34
83 35
83 36
83 37
83 38
83 39
83 40
83 41
83 42
83 43
83 44
83 45
83 47
83 48
83 49
83 50
83 51
83 52
83 53
83 54
83 56
83 57
83 58
83 59
83 62
83 63
83 64
83 65
83 68
83 69
83 71
83 73
83 76
83 77
83 78
83 79
83 81
83 82
83 84
83 85
83 86
83 87
83 89
83 91
83 92
83 93
83 94
83 95
83 96
83 97
83 99
84 3
84 5
84 6
84 9
84 11
84 14
84 15
84 16
84 17
84 18
84 19
84 27
84 28
84 32
84 34
84 35
84 36
84 40
84 44
84 45
84 47
84 50
84 51
84 52
84 53
84 56
84 59
84 62
84 64
84 65
84 73
84 76
84 78
84 85
84 87
84 89
84 91
84 93
84 94
84 97
84 99
85 5
85 19
85 27
85 35
85 38
85 44
85 45
85 53
85 56
85 57
85 73
85 89
85 93
86 11
86 17
86 32
86 45
86 52
86 78
86 93
87 3
87 6
87 9
87 11
87 14
87 15
87 17
87 18
87 19
87 28
87 32
87 36
87 40
87 44
87 45
87 51
87 52
87 53
87 62
87 65
87 76
87 78
87 85
87 91
87 93
88 7
88 17
88 25
88 45
88 48
88 52
88 61
88 78
89 19
89 45
89 93
90 11
90 17
90 32
90 45
90 48
90 52
90 78
90 93
91 3
91 18
91 19
91 44
91 45
91 53
91 62
91 76
91 85
91 93
93 5
93 73
94 3
94 19
94 44
94 45
94 62
94 85
94 93
95 45
95 93
97 3
97 17
97 19
97 36
97 40
97 44
97 45
97 62
97 65
97 85
97 93
98 17
98 45
98 48
98 52
98 78
98 93
99 19
99 44
99 45
99 85
99 93
