68 469
1 10
1 14
1 58
1 61
2 10
2 19
2 32
2 34
2 61
3 1
3 11
3 12
3 15
3 17
3 28
3 45
3 51
3 68
4 19
4 45
4 58
5 1
5 4
5 20
5 30
5 34
5 61
6 4
6 16
6 26
6 29
6 36
6 47
6 49
6 60
6 61
7 15
7 26
7 28
7 30
7 38
7 39
7 54
7 55
8 1
8 14
8 18
8 22
8 24
8 30
8 36
8 40
8 50
8 55
9 11
9 12
9 15
9 20
9 26
9 27
9 29
9 31
9 33
9 36
9 42
10 19
10 34
10 58
11 14
11 17
11 22
11 30
11 33
11 54
12 4
12 14
12 16
12 28
12 32
12 34
12 47
12 51
13 9
13 19
13 22
13 27
13 38
13 43
13 47
13 49
13 54
13 55
13 62
13 66
14 51
15 1
15 10
15 11
15 17
15 29
15 42
15 54
15 58
15 62
15 68
16 2
16 14
16 33
16 38
16 45
18 7
18 9
18 11
18 17
18 38
18 39
18 45
18 48
18 54
18 62
18 64
18 66
19 24
20 42
21 1
21 5
21 6
21 12
21 16
21 20
21 24
21 41
21 43
21 47
21 50
21 57
21 62
21 66
21 68
22 1
22 24
22 26
22 34
22 58
22 68
23 7
23 17
23 20
23 27
23 32
23 39
23 46
23 49
23 58
23 62
25 5
25 6
25 8
25 12
25 15
25 24
25 29
25 31
25 36
25 38
25 41
25 52
25 56
25 59
25 60
25 65
26 32
26 36
26 45
27 10
27 14
27 20
27 26
27 34
27 42
27 45
27 47
28 1
28 24
28 27
28 33
28 38
28 47
28 55
28 58
29 2
29 5
29 38
29 42
29 61
30 1
30 2
30 19
30 56
31 1
31 4
31 5
31 16
31 17
31 26
31 27
31 43
33 10
33 14
33 24
33 32
34 24
35 2
35 3
35 4
35 19
35 27
35 28
35 29
35 45
35 47
35 50
35 51
35 54
35 63
36 19
36 24
36 34
37 1
37 3
37 7
37 8
37 17
37 23
37 24
37 29
37 31
37 32
37 55
37 60
37 64
37 68
38 32
38 33
39 19
39 22
39 26
39 36
39 40
40 4
40 14
40 17
40 19
40 32
40 38
40 45
41 5
41 17
41 23
41 30
41 31
41 33
41 49
41 51
41 53
41 61
42 24
43 5
43 10
43 29
43 36
43 42
43 55
43 61
44 6
44 10
44 11
44 16
44 17
44 20
44 23
44 39
44 46
44 47
44 53
44 54
44 58
44 60
44 66
46 7
46 28
46 38
46 39
46 40
46 42
46 43
46 45
46 47
46 51
46 54
46 59
46 61
47 10
47 20
47 26
47 56
48 3
48 11
48 28
48 30
48 38
48 43
48 47
48 58
48 63
49 1
49 7
49 12
49 34
49 39
49 40
49 42
50 4
50 9
50 11
50 14
50 17
50 20
50 38
50 40
50 42
50 43
50 47
51 20
51 24
51 45
51 58
52 4
52 9
52 16
52 35
52 43
52 48
52 56
52 60
52 61
52 64
53 22
53 24
53 33
53 36
53 45
53 47
53 56
53 61
53 63
54 22
54 32
54 33
54 45
54 58
54 68
55 4
55 5
55 26
55 47
55 56
55 68
56 42
56 45
56 51
57 4
57 7
57 16
57 17
57 29
57 30
57 31
57 40
57 43
57 51
57 56
57 58
57 59
58 34
59 3
59 11
59 15
59 16
59 27
59 28
59 30
59 42
60 19
60 22
60 32
60 33
60 49
60 56
60 61
60 63
61 10
61 42
62 2
62 14
62 28
62 32
62 39
62 40
62 51
62 68
63 7
63 10
63 14
63 27
63 34
63 36
63 39
63 55
63 59
64 1
64 2
64 14
64 43
64 58
64 61
64 63
64 66
65 2
65 10
65 12
65 13
65 14
65 26
65 31
65 34
65 46
65 51
65 58
65 62
65 66
66 5
66 19
66 20
66 29
66 33
66 42
66 43
66 47
67 1
67 6
67 8
67 10
67 17
67 18
67 19
67 22
67 25
67 29
67 40
67 53
67 56
67 58
67 59
67 68
68 2
68 24
68 33
68 42
