100 1060
1 35
1 71
2 1
2 9
2 20
2 31
2 42
2 55
2 60
2 69
2 77
2 79
3 7
3 16
3 29
3 32
3 33
3 34
3 56
3 69
3 72
3 75
3 89
3 95
3 100
4 1
4 61
4 77
5 6
5 9
5 14
5 16
5 17
5 20
5 28
5 33
5 45
5 48
5 51
5 52
5 55
5 56
5 58
5 59
5 60
5 63
5 75
5 76
5 83
5 92
5 93
6 4
6 8
6 36
6 38
6 43
6 46
6 53
6 59
6 61
6 63
6 67
6 74
7 1
7 4
7 50
7 96
8 17
8 42
8 59
8 61
8 65
8 71
8 75
8 77
8 90
9 75
9 77
10 1
10 8
10 20
10 35
10 41
10 43
10 49
10 56
10 74
10 95
10 96
11 4
11 14
11 20
11 46
11 50
11 55
11 90
11 97
11 98
12 2
12 3
12 7
12 9
12 15
12 17
12 21
12 23
12 24
12 25
12 32
12 34
12 35
12 36
12 42
12 45
12 48
12 55
12 60
12 61
12 66
12 71
12 74
12 92
12 94
13 2
13 23
13 24
13 29
13 36
13 38
13 40
13 42
13 55
13 74
13 82
13 84
13 90
14 1
14 7
14 9
14 19
14 32
14 50
14 61
14 69
14 74
14 77
14 79
14 89
14 94
14 96
15 4
15 6
15 11
15 23
15 34
15 35
15 46
15 55
15 60
15 68
15 71
15 72
15 75
15 78
15 88
15 93
15 96
16 10
16 38
16 41
16 48
16 50
16 59
16 72
16 75
16 80
16 89
16 93
17 1
17 45
17 77
18 8
18 11
18 15
18 20
18 22
18 25
18 27
18 33
18 39
18 41
18 42
18 64
18 68
18 78
18 80
18 87
18 90
18 98
19 46
19 74
19 75
19 77
19 78
19 88
19 93
19 94
19 98
20 4
20 7
20 35
20 45
20 96
21 2
21 7
21 8
21 9
21 24
21 34
21 36
21 53
21 69
21 72
21 77
21 82
21 83
21 84
21 88
21 89
21 99
22 3
22 8
22 9
22 16
22 19
22 30
22 34
22 36
22 46
22 47
22 56
22 67
22 73
22 74
22 94
22 98
22 100
23 17
23 45
23 89
23 90
24 9
24 17
24 19
24 26
24 56
24 61
24 72
24 75
24 77
24 93
24 96
25 7
25 11
25 26
25 60
25 61
25 65
25 97
26 20
26 50
26 53
26 67
26 69
26 71
26 72
26 75
26 94
27 3
27 6
27 7
27 8
27 21
27 34
27 39
27 41
27 43
27 45
27 46
27 53
27 55
27 63
27 64
27 77
27 94
27 96
27 98
27 100
28 2
28 20
28 23
28 26
28 30
28 40
28 46
28 50
28 60
28 61
28 63
28 74
28 79
28 90
28 96
29 14
29 23
29 46
29 56
29 59
29 60
29 75
29 89
29 95
29 96
29 97
30 1
30 4
30 7
30 9
30 14
30 29
30 40
30 41
30 53
30 55
30 56
30 62
30 74
30 77
30 84
30 95
31 4
31 14
31 23
31 26
31 53
31 63
31 71
31 78
31 89
31 96
32 4
32 45
32 61
32 78
32 98
33 10
33 11
33 16
33 17
33 30
33 32
33 34
33 36
33 41
33 42
33 55
33 59
33 75
33 86
33 92
33 95
33 97
34 7
34 8
34 32
34 41
34 55
34 63
34 69
34 80
34 94
34 97
36 7
36 11
36 23
36 29
36 42
36 45
36 60
36 77
36 94
36 96
36 97
36 100
37 6
37 8
37 31
37 36
37 38
37 50
37 58
37 71
37 73
37 79
37 82
37 84
37 87
37 88
37 90
37 91
37 98
37 99
37 100
38 1
38 17
38 26
38 29
38 32
38 49
38 50
38 53
38 61
38 72
38 79
38 84
38 88
39 4
39 13
39 16
39 17
39 28
39 29
39 38
39 55
39 56
39 59
39 67
39 68
39 69
39 80
39 92
39 93
39 94
40 2
40 20
40 45
40 48
40 49
40 50
40 55
40 78
40 88
40 95
40 96
40 98
41 2
41 7
41 8
41 11
41 25
41 26
41 32
41 42
41 45
41 50
41 69
41 71
41 72
41 93
41 97
42 4
42 17
42 19
42 35
42 67
42 93
43 4
43 9
43 17
43 42
43 56
43 61
43 80
43 88
43 90
43 97
44 1
44 2
44 6
44 19
44 20
44 23
44 24
44 27
44 30
44 38
44 39
44 46
44 48
44 75
44 76
44 80
44 83
44 90
44 96
45 71
46 4
46 75
47 9
47 19
47 20
47 25
47 31
47 53
47 58
47 61
47 62
47 63
47 97
47 98
48 7
48 9
48 19
48 24
48 25
48 41
48 42
48 45
48 65
48 71
48 77
48 79
48 82
48 89
49 8
49 11
49 25
49 29
49 53
49 59
49 65
49 72
49 74
49 79
49 95
49 98
51 7
51 10
51 14
51 16
51 19
51 21
51 35
51 40
51 47
51 49
51 50
51 63
51 64
51 65
51 68
51 74
51 75
51 78
51 84
51 90
51 100
52 3
52 7
52 13
52 20
52 21
52 23
52 30
52 35
52 61
52 62
52 69
52 78
52 79
52 80
52 82
52 83
52 91
52 94
53 1
53 9
53 35
53 50
53 79
53 95
53 98
54 1
54 2
54 8
54 14
54 15
54 16
54 24
54 28
54 32
54 34
54 42
54 43
54 46
54 50
54 62
54 76
54 77
54 86
54 94
54 95
55 1
55 7
55 35
55 50
55 93
56 32
56 67
56 95
57 3
57 4
57 7
57 11
57 13
57 20
57 23
57 25
57 31
57 34
57 35
57 38
57 42
57 61
57 64
57 68
57 69
57 71
57 74
57 77
57 78
57 88
57 90
57 93
57 98
58 25
58 29
58 30
58 31
58 32
58 45
58 46
58 53
58 56
58 61
58 62
58 67
58 69
58 78
58 84
58 92
58 96
58 97
59 4
59 19
59 23
59 35
59 50
59 65
59 67
59 88
59 90
59 95
60 7
60 35
60 71
60 77
60 78
60 79
60 88
60 96
60 98
62 36
62 38
62 42
62 55
62 56
62 61
62 63
62 65
62 69
62 78
62 88
62 89
63 1
63 45
63 53
63 77
63 79
64 1
64 9
64 15
64 17
64 25
64 29
64 39
64 42
64 48
64 58
64 66
64 67
64 73
64 82
64 88
64 90
64 92
65 1
65 9
65 45
65 50
65 74
65 93
65 97
66 2
66 7
66 11
66 13
66 14
66 20
66 23
66 30
66 46
66 58
66 72
66 96
66 100
67 7
67 19
67 32
67 60
67 61
67 79
67 88
67 89
68 4
68 17
68 23
68 26
68 33
68 36
68 40
68 45
68 49
68 56
68 59
68 60
68 65
68 90
69 20
69 46
69 56
69 59
69 75
69 78
70 2
70 9
70 11
70 13
70 19
70 20
70 23
70 24
70 30
70 36
70 42
70 51
70 62
70 68
70 71
70 73
70 82
70 87
70 89
70 90
70 91
72 17
72 67
72 69
72 78
72 88
72 95
72 96
72 98
73 13
73 19
73 20
73 24
73 26
73 47
73 50
73 56
73 62
73 65
73 66
73 74
73 95
73 98
74 17
74 32
74 79
74 90
74 93
74 98
75 32
75 71
75 78
75 98
76 7
76 8
76 25
76 29
76 35
76 43
76 45
76 48
76 49
76 58
76 65
76 78
76 80
76 84
76 96
76 98
77 61
77 98
79 88
79 93
79 95
80 1
80 8
80 11
80 29
80 46
80 53
80 63
80 65
80 67
80 74
80 78
80 82
80 90
80 100
81 10
81 12
81 22
81 23
81 24
81 28
81 58
81 61
81 66
81 71
81 80
81 89
81 92
81 97
82 11
82 17
82 50
82 56
82 63
82 71
82 72
82 84
82 88
83 1
83 3
83 9
83 16
83 36
83 43
83 47
83 53
83 69
83 73
83 76
83 82
83 93
83 95
83 97
84 1
84 32
84 45
84 46
84 59
84 60
84 79
84 98
85 2
85 3
85 4
85 6
85 14
85 17
85 22
85 25
85 34
85 41
85 49
85 66
85 67
85 68
85 72
85 77
85 83
85 86
85 88
85 89
85 91
85 92
85 94
86 1
86 4
86 10
86 24
86 31
86 34
86 35
86 45
86 46
86 63
86 69
86 78
86 79
86 90
87 17
87 19
87 23
87 28
87 31
87 33
87 35
87 36
87 46
87 55
87 56
87 58
87 66
87 67
87 71
87 86
87 92
87 94
87 95
87 97
89 1
89 17
89 35
89 50
89 78
89 90
89 94
89 97
90 4
90 32
90 61
90 75
91 2
91 14
91 16
91 25
91 29
91 33
91 39
91 46
91 47
91 48
91 53
91 56
91 59
91 60
91 65
91 78
91 82
91 90
91 96
92 4
92 11
92 24
92 26
92 35
92 42
92 46
92 48
92 55
92 61
92 65
92 77
92 79
92 84
92 93
92 98
93 71
93 88
94 32
94 45
94 53
94 55
94 88
94 95
94 96
95 35
95 88
95 93
96 35
96 79
97 46
97 50
97 61
97 75
97 77
97 88
97 90
97 93
98 50
98 61
99 2
99 4
99 6
99 8
99 9
99 11
99 15
99 16
99 28
99 34
99 38
99 40
99 45
99 46
99 58
99 63
99 67
99 71
99 76
99 89
99 92
100 9
100 11
100 17
100 29
100 65
100 71
100 72
100 82
100 88
100 89
100 90
100 93
100 95
