150 2336
1 10
1 46
1 148
2 4
2 8
2 10
2 12
2 17
2 19
2 26
2 30
2 31
2 34
2 35
2 38
2 40
2 47
2 49
2 50
2 52
2 59
2 65
2 67
2 68
2 71
2 78
2 80
2 83
2 86
2 90
2 92
2 101
2 102
2 105
2 112
2 114
2 118
2 130
2 133
2 139
2 142
2 145
2 146
2 147
3 12
3 14
3 18
3 22
3 35
3 37
3 44
3 47
3 49
3 57
3 59
3 64
3 67
3 80
3 86
3 107
3 114
3 121
3 123
3 127
3 129
3 136
3 139
4 17
4 27
4 31
4 45
4 49
4 51
4 76
4 77
4 78
4 86
4 89
4 91
4 92
4 106
4 107
4 112
4 115
4 118
4 119
4 123
4 126
4 140
4 142
4 143
4 146
4 147
4 148
5 16
5 20
5 22
5 26
5 27
5 41
5 46
5 47
5 49
5 54
5 55
5 61
5 67
5 68
5 73
5 78
5 80
5 82
5 85
5 87
5 92
5 119
5 122
5 125
5 126
5 133
5 139
5 147
5 149
6 22
6 26
6 28
6 39
6 47
6 59
6 70
6 82
6 85
6 89
6 100
6 105
6 117
6 118
6 127
6 137
6 146
7 12
7 13
7 18
7 20
7 30
7 32
7 34
7 38
7 41
7 45
7 48
7 52
7 54
7 58
7 61
7 63
7 65
7 70
7 80
7 81
7 84
7 85
7 86
7 89
7 92
7 99
7 100
7 102
7 106
7 108
7 112
7 113
7 117
7 118
7 119
7 124
7 126
7 134
7 136
7 137
7 140
8 10
8 14
8 22
8 45
8 54
8 56
8 59
8 62
8 65
8 70
8 82
8 98
8 100
8 106
8 107
8 112
8 115
8 116
8 117
8 122
8 124
8 126
8 128
8 140
8 143
8 149
9 4
9 7
9 14
9 23
9 30
9 35
9 37
9 38
9 46
9 61
9 63
9 64
9 65
9 67
9 92
9 102
9 119
9 122
9 124
9 134
9 143
9 146
10 11
10 22
10 118
12 1
12 10
12 16
12 17
12 26
12 31
12 45
12 49
12 58
12 70
12 89
12 90
12 98
12 105
12 115
12 122
12 123
12 136
12 142
12 147
13 17
13 35
13 76
14 1
14 10
14 16
14 17
14 21
14 22
14 45
14 58
14 59
14 67
14 68
14 77
14 80
14 92
14 102
14 105
14 112
14 115
14 118
14 119
14 121
14 123
14 126
14 143
14 144
14 147
15 4
15 10
15 27
15 39
15 46
15 49
15 53
15 59
15 64
15 67
15 72
15 77
15 86
15 91
15 107
15 112
15 142
15 143
15 147
15 148
16 1
16 65
16 146
17 1
17 86
18 12
18 13
18 15
18 16
18 31
18 35
18 44
18 54
18 57
18 58
18 65
18 98
18 107
18 141
18 143
18 147
19 14
19 45
19 86
19 98
19 108
19 137
20 17
20 77
20 108
20 122
21 13
21 17
21 86
21 92
21 115
21 143
21 146
22 58
23 1
23 3
23 6
23 10
23 12
23 14
23 30
23 41
23 43
23 47
23 50
23 52
23 58
23 59
23 65
23 66
23 71
23 99
23 102
23 106
23 107
23 112
23 114
23 116
23 125
23 126
23 130
23 136
23 139
23 147
23 148
23 149
24 16
24 18
24 35
25 1
25 8
25 10
25 13
25 15
25 16
25 17
25 18
25 30
25 37
25 38
25 40
25 50
25 52
25 54
25 55
25 61
25 62
25 63
25 65
25 67
25 73
25 89
25 99
25 107
25 110
25 115
25 116
25 119
25 120
25 124
25 135
25 137
25 144
25 145
25 148
25 149
26 22
26 49
26 59
26 65
26 70
26 77
26 89
26 92
26 98
26 106
26 122
26 123
26 127
26 130
26 136
26 146
26 147
27 43
27 49
27 68
27 70
27 92
27 100
27 101
27 106
27 110
27 112
27 121
27 136
27 148
28 10
28 18
28 31
28 34
28 41
28 49
28 51
28 57
28 63
28 98
28 100
28 107
28 112
28 123
28 128
28 133
28 135
28 136
28 147
29 7
29 10
29 17
29 30
29 37
29 39
29 40
29 41
29 44
29 54
29 56
29 60
29 61
29 62
29 63
29 66
29 67
29 68
29 70
29 79
29 85
29 90
29 91
29 92
29 103
29 105
29 109
29 114
29 115
29 118
29 122
29 127
29 128
29 129
29 130
29 137
29 148
30 8
30 28
30 31
30 35
30 37
30 47
30 49
30 53
30 54
30 56
30 65
30 66
30 67
30 71
30 82
30 92
30 105
30 106
30 114
30 115
30 124
30 125
30 136
30 139
31 22
31 65
31 76
31 78
31 86
31 115
31 118
31 140
32 5
32 10
32 12
32 22
32 40
32 57
32 64
32 69
32 71
32 92
32 97
32 100
32 105
32 108
32 116
32 122
32 124
32 132
32 136
32 143
32 147
33 1
33 10
33 44
33 56
33 92
34 22
34 31
34 35
34 49
34 92
34 100
34 107
34 118
34 121
34 146
35 10
35 78
35 118
36 1
36 4
36 5
36 10
36 16
36 17
36 22
36 35
36 46
36 57
36 67
36 73
36 78
36 92
36 93
36 96
36 100
36 102
36 105
36 106
36 108
36 114
36 115
36 116
36 122
36 124
36 125
36 126
36 140
36 147
36 148
37 1
37 4
37 17
37 22
37 31
37 39
37 41
37 47
37 51
37 54
37 56
37 58
37 59
37 62
37 65
37 67
37 68
37 70
37 77
37 80
37 83
37 86
37 89
37 90
37 92
37 101
37 105
37 108
37 110
37 112
37 113
37 114
37 115
37 116
37 117
37 121
37 127
37 129
37 132
37 133
37 136
37 139
37 142
37 146
37 148
38 3
38 13
38 14
38 15
38 17
38 18
38 27
38 28
38 31
38 47
38 49
38 56
38 58
38 67
38 68
38 76
38 80
38 82
38 97
38 105
38 112
38 116
38 123
38 137
38 141
38 142
38 145
38 147
38 149
39 12
39 17
39 27
39 44
39 45
39 59
39 78
39 83
39 86
39 91
39 100
39 108
39 119
39 122
39 126
39 136
39 142
39 144
40 4
40 14
40 15
40 28
40 37
40 45
40 56
40 57
40 58
40 63
40 64
40 67
40 71
40 73
40 101
40 102
40 112
40 114
40 121
40 130
41 12
41 14
41 16
41 20
41 21
41 22
41 27
41 39
41 44
41 57
41 65
41 83
41 90
41 101
41 105
41 106
41 107
41 112
41 121
41 122
41 133
41 139
41 146
42 12
42 32
42 35
42 38
42 58
42 67
42 71
42 80
42 82
42 85
42 92
42 106
42 116
42 128
42 133
42 135
42 137
43 22
43 33
43 86
43 147
44 140
45 77
45 100
45 110
45 144
45 149
46 118
47 1
47 14
47 17
47 35
47 39
47 54
47 57
47 58
47 64
47 65
47 67
47 68
47 73
47 106
47 107
47 113
47 132
47 135
47 141
47 142
47 148
48 1
48 8
48 59
48 64
48 67
48 87
48 89
48 92
48 100
48 107
48 116
48 137
48 141
49 10
49 22
49 65
49 70
49 108
49 140
50 1
50 8
50 17
50 34
50 39
50 40
50 41
50 44
50 45
50 51
50 67
50 70
50 100
50 106
50 121
50 142
51 85
51 147
52 3
52 4
52 10
52 14
52 15
52 16
52 17
52 20
52 22
52 27
52 28
52 31
52 34
52 38
52 41
52 45
52 58
52 73
52 78
52 80
52 82
52 97
52 108
52 110
52 112
52 133
52 135
52 137
52 139
53 22
53 35
53 58
53 85
53 108
54 1
54 4
54 14
54 16
54 21
54 26
54 31
54 35
54 41
54 44
54 45
54 67
54 76
54 77
54 79
54 91
54 92
54 100
54 105
54 107
54 108
54 112
54 117
54 118
54 119
54 130
54 136
54 139
54 142
54 146
54 147
54 148
55 8
55 22
55 26
55 39
55 54
55 62
55 63
55 78
55 86
55 100
55 107
55 108
55 112
55 115
55 116
55 118
55 124
55 133
55 140
56 22
56 44
56 78
56 140
57 1
57 10
57 12
57 27
57 35
57 43
57 53
57 62
57 65
57 83
57 86
57 92
57 108
57 115
57 116
57 118
57 123
57 133
57 136
57 139
57 140
59 17
59 22
59 31
59 34
59 65
59 118
59 124
59 147
60 1
60 4
60 5
60 6
60 10
60 15
60 22
60 23
60 25
60 26
60 27
60 28
60 30
60 31
60 38
60 41
60 44
60 45
60 47
60 54
60 55
60 58
60 59
60 63
60 66
60 67
60 71
60 73
60 84
60 90
60 94
60 98
60 100
60 101
60 107
60 109
60 117
60 119
60 122
60 130
60 134
60 139
60 140
60 146
61 3
61 6
61 12
61 26
61 31
61 34
61 37
61 41
61 55
61 58
61 78
61 79
61 85
61 86
61 116
61 122
61 123
61 130
61 136
61 137
61 139
61 143
61 145
61 147
61 148
62 1
62 16
62 26
62 35
62 56
62 59
62 70
62 105
62 107
62 118
62 119
62 121
62 148
63 1
63 4
63 10
63 15
63 16
63 34
63 39
63 56
63 57
63 67
63 70
63 80
63 83
63 90
63 102
63 114
63 116
63 119
63 123
63 136
63 140
63 142
63 144
63 148
64 1
64 4
64 12
64 20
64 22
64 43
64 49
64 58
64 65
64 67
64 68
64 83
64 91
64 92
64 102
64 105
64 112
64 127
64 130
64 140
65 22
65 70
66 10
66 35
66 39
66 49
66 67
66 73
66 83
66 100
66 102
66 107
66 136
67 4
67 16
67 22
67 34
67 44
67 56
67 58
67 65
67 77
67 78
67 91
67 92
67 98
67 100
67 105
67 108
67 110
67 119
67 123
67 126
67 146
67 148
67 149
68 16
68 26
68 49
68 59
68 70
68 98
68 118
68 126
68 135
68 136
68 140
68 147
68 148
69 1
69 4
69 5
69 21
69 23
69 31
69 39
69 40
69 46
69 49
69 54
69 68
69 71
69 76
69 77
69 78
69 92
69 100
69 101
69 102
69 107
69 108
69 122
69 125
69 133
69 137
69 141
69 145
69 146
69 147
69 148
69 149
70 86
70 148
71 8
71 10
71 15
71 18
71 26
71 31
71 37
71 44
71 54
71 57
71 62
71 65
71 76
71 79
71 85
71 86
71 90
71 92
71 106
71 107
71 108
71 122
71 123
71 126
71 136
71 139
71 144
71 147
71 148
72 140
73 4
73 12
73 14
73 15
73 26
73 34
73 35
73 39
73 41
73 49
73 63
73 70
73 80
73 83
73 92
73 101
73 107
73 112
73 113
73 116
73 121
73 126
73 135
73 141
73 143
73 147
73 148
73 149
74 17
74 37
74 39
74 81
74 85
74 92
74 112
74 139
76 10
76 16
76 118
77 118
78 10
78 22
78 148
79 13
79 31
79 39
79 45
79 49
79 67
79 91
79 107
79 119
79 149
80 4
80 12
80 20
80 34
80 35
80 44
80 58
80 67
80 70
80 86
80 89
80 92
80 110
80 112
80 118
80 119
80 130
80 135
80 136
80 140
80 147
80 148
81 10
81 14
81 15
81 19
81 25
81 32
81 33
81 34
81 38
81 40
81 46
81 53
81 54
81 58
81 69
81 78
81 86
81 92
81 99
81 100
81 105
81 118
81 127
81 130
81 146
82 12
82 22
82 33
82 34
82 44
82 62
82 64
82 67
82 80
82 100
82 107
82 113
82 116
82 118
82 121
82 122
82 123
82 126
82 142
82 148
82 149
83 10
83 12
83 34
83 58
83 59
83 68
83 85
83 89
83 105
83 106
83 118
83 121
84 3
84 8
84 21
84 22
84 26
84 35
84 38
84 39
84 52
84 57
84 62
84 67
84 68
84 83
84 90
84 100
84 114
84 115
84 127
84 137
84 143
84 146
85 1
85 140
86 10
86 46
86 118
86 140
87 3
87 4
87 16
87 18
87 22
87 58
87 67
87 70
87 77
87 80
87 89
87 107
87 108
87 110
87 112
87 120
87 121
87 126
87 130
87 137
87 148
88 4
88 9
88 10
88 22
88 33
88 36
88 53
88 58
88 80
88 82
88 89
88 92
88 93
88 107
88 110
88 112
88 116
88 120
88 122
88 126
88 127
88 138
88 139
88 142
88 143
88 147
89 1
89 20
89 21
89 33
89 70
89 76
89 85
89 115
89 119
89 121
89 122
89 123
89 130
89 136
89 142
90 22
90 31
90 115
90 144
91 10
91 17
91 21
91 22
91 31
91 35
91 90
91 92
91 142
91 144
91 146
91 147
92 1
92 17
92 22
92 44
92 65
92 70
92 76
92 78
92 86
92 108
92 118
92 124
92 140
92 146
93 1
93 2
93 4
93 7
93 12
93 14
93 15
93 16
93 18
93 21
93 23
93 28
93 29
93 34
93 37
93 41
93 54
93 60
93 61
93 62
93 68
93 71
93 73
93 76
93 77
93 86
93 87
93 94
93 105
93 108
93 110
93 113
93 116
93 121
93 124
93 126
93 129
93 130
93 133
93 134
93 136
93 140
93 141
93 147
93 148
93 149
94 10
94 17
94 23
94 31
94 35
94 38
94 58
94 61
94 64
94 67
94 69
94 85
94 86
94 102
94 120
94 123
94 126
94 133
94 142
95 9
95 10
95 12
95 15
95 30
95 32
95 44
95 50
95 62
95 68
95 87
95 91
95 94
95 96
95 100
95 107
95 112
95 125
95 136
95 142
95 143
95 148
96 1
96 4
96 5
96 7
96 17
96 20
96 21
96 23
96 28
96 35
96 41
96 58
96 61
96 63
96 67
96 71
96 92
96 100
96 106
96 107
96 109
96 112
96 114
96 117
96 122
96 123
96 124
96 126
96 136
96 141
96 146
97 11
97 12
97 15
97 22
97 33
97 41
97 47
97 70
97 71
97 73
97 92
97 108
97 118
97 120
97 121
97 123
97 127
97 130
97 136
97 141
97 145
98 35
98 46
98 76
98 106
98 121
98 148
99 4
99 10
99 30
99 33
99 34
99 39
99 57
99 59
99 61
99 62
99 64
99 65
99 67
99 78
99 82
99 86
99 89
99 105
99 112
99 117
99 123
99 135
100 1
100 17
100 22
100 58
100 76
101 1
101 43
101 49
101 70
101 92
101 121
101 122
101 124
101 147
101 149
102 4
102 12
102 17
102 20
102 22
102 34
102 39
102 44
102 49
102 53
102 56
102 58
102 62
102 67
102 68
102 83
102 90
102 92
102 98
102 100
102 105
102 106
102 107
102 108
102 112
102 115
102 117
102 118
102 121
102 122
102 126
102 136
102 146
103 39
104 14
104 60
104 80
104 89
104 94
104 99
104 106
104 118
104 120
104 121
104 127
104 140
105 16
105 26
105 65
105 70
105 100
105 110
105 122
105 136
105 146
106 10
106 17
106 58
106 70
106 78
106 118
106 146
106 148
107 1
107 10
107 17
107 35
107 44
107 49
107 58
107 76
107 86
107 92
107 121
107 124
107 140
107 147
108 22
108 65
108 100
108 148
109 2
109 10
109 12
109 15
109 16
109 17
109 21
109 24
109 26
109 28
109 30
109 33
109 38
109 39
109 40
109 41
109 53
109 54
109 62
109 63
109 66
109 67
109 69
109 70
109 76
109 79
109 80
109 82
109 89
109 92
109 97
109 106
109 116
109 117
109 118
109 120
109 126
109 129
109 140
109 141
110 1
110 10
110 16
110 33
110 46
110 78
110 100
110 107
110 118
110 121
111 9
111 10
111 12
111 13
111 15
111 25
111 29
111 30
111 37
111 39
111 40
111 44
111 46
111 52
111 54
111 59
111 60
111 61
111 63
111 64
111 67
111 69
111 70
111 79
111 82
111 94
111 95
111 96
111 105
111 107
111 108
111 113
111 114
111 115
111 116
111 123
111 124
111 125
111 128
111 131
111 132
111 136
111 137
111 138
111 139
111 141
111 142
111 147
111 150
112 22
112 34
112 35
112 51
112 58
112 65
112 70
112 76
112 86
112 90
112 91
112 100
112 101
112 106
112 121
112 122
112 123
112 127
112 140
112 144
112 147
113 20
113 21
113 27
113 44
113 45
113 59
113 62
113 64
113 80
113 90
113 92
113 98
113 108
113 116
113 117
113 118
113 119
113 123
113 133
113 146
114 4
114 10
114 12
114 13
114 16
114 17
114 26
114 33
114 35
114 49
114 58
114 62
114 65
114 70
114 83
114 85
114 89
114 92
114 102
114 116
114 118
114 119
114 123
114 126
115 58
115 70
115 148
116 4
116 16
116 20
116 27
116 65
116 70
116 91
116 92
116 102
116 108
116 112
116 115
116 117
116 118
116 123
116 135
116 136
117 1
117 13
117 17
117 107
117 115
119 11
119 21
119 31
119 35
119 44
119 49
119 58
119 65
119 106
119 140
119 148
120 3
120 12
120 14
120 18
120 22
120 33
120 39
120 41
120 49
120 59
120 63
120 65
120 79
120 90
120 108
120 112
120 115
120 118
120 121
120 126
120 133
120 139
120 142
120 143
120 146
120 149
121 1
121 11
121 35
121 86
121 92
122 1
122 10
122 16
122 17
122 70
122 100
122 118
122 121
122 148
123 31
123 34
123 53
123 58
123 70
123 78
123 85
123 106
123 115
123 146
124 148
125 3
125 10
125 18
125 21
125 26
125 28
125 41
125 54
125 63
125 67
125 73
125 79
125 85
125 87
125 97
125 122
125 123
125 133
125 137
125 139
125 141
125 147
125 149
126 12
126 17
126 44
126 49
126 65
126 76
126 78
126 85
126 86
126 89
126 92
126 106
126 107
126 108
126 121
126 123
126 148
127 10
127 22
127 49
127 90
127 107
127 110
127 118
127 121
127 140
127 142
127 147
128 10
128 39
128 53
128 54
128 57
128 68
128 70
128 78
128 79
128 80
128 107
128 112
128 115
128 119
128 133
128 135
128 140
128 143
128 148
129 20
129 67
129 100
129 148
130 1
130 31
130 65
130 90
130 106
130 108
130 132
131 2
131 6
131 7
131 8
131 20
131 22
131 25
131 27
131 34
131 35
131 40
131 47
131 61
131 63
131 65
131 66
131 70
131 71
131 72
131 85
131 91
131 92
131 104
131 107
131 109
131 110
131 118
131 122
131 125
131 127
131 136
131 147
132 16
132 92
132 106
133 10
133 49
133 51
133 62
133 65
133 85
133 89
133 90
133 92
133 101
133 107
133 115
133 118
133 121
133 122
133 126
133 127
133 135
133 136
134 2
134 14
134 15
134 24
134 28
134 43
134 54
134 59
134 68
134 71
134 97
134 107
134 112
134 114
134 121
134 124
134 128
134 140
134 145
135 1
135 16
135 31
135 70
135 76
135 86
135 105
135 108
135 112
135 115
135 130
135 144
136 1
136 10
136 34
136 35
136 44
136 49
136 51
136 56
136 58
136 70
136 76
136 85
136 90
136 91
136 92
136 115
136 118
136 123
136 124
136 130
136 142
136 143
136 147
137 3
137 12
137 14
137 16
137 22
137 26
137 41
137 46
137 49
137 59
137 63
137 68
137 71
137 73
137 79
137 90
137 100
137 102
137 115
137 116
137 118
137 120
137 124
137 135
137 136
137 139
137 146
137 149
138 7
138 10
138 14
138 16
138 21
138 25
138 31
138 37
138 38
138 39
138 41
138 49
138 52
138 59
138 60
138 61
138 69
138 71
138 76
138 77
138 80
138 81
138 90
138 91
138 92
138 96
138 100
138 106
138 107
138 108
138 110
138 112
138 115
138 117
138 120
138 122
138 123
138 133
138 137
138 139
138 143
138 145
138 147
138 149
139 4
139 12
139 16
139 26
139 27
139 31
139 39
139 58
139 59
139 64
139 68
139 76
139 77
139 83
139 89
139 92
139 98
139 100
139 107
139 108
139 110
139 112
139 122
139 124
139 127
139 133
139 135
139 140
139 146
140 22
141 10
141 15
141 26
141 31
141 34
141 35
141 59
141 76
141 78
141 100
141 105
141 107
141 115
141 116
141 121
141 124
141 129
141 136
141 144
141 146
141 147
141 148
142 13
142 49
142 92
142 122
142 144
142 147
144 22
144 58
145 12
145 15
145 18
145 21
145 26
145 27
145 28
145 33
145 39
145 46
145 49
145 57
145 59
145 62
145 64
145 67
145 68
145 71
145 73
145 76
145 80
145 82
145 83
145 85
145 92
145 107
145 112
145 113
145 114
145 133
145 135
145 136
146 58
147 1
147 10
147 17
147 22
147 44
147 70
147 86
147 106
147 108
147 122
147 143
147 146
148 22
149 26
149 31
149 35
149 76
149 91
149 92
149 118
149 124
149 142
149 146
150 16
150 26
150 34
150 37
150 49
150 86
150 91
150 106
150 115
150 118
150 130
150 146
150 147
150 148
