200 4111
1 140
2 1
2 5
2 9
2 18
2 26
2 28
2 30
2 35
2 41
2 45
2 57
2 58
2 61
2 69
2 80
2 88
2 97
2 101
2 102
2 105
2 110
2 116
2 119
2 121
2 132
2 143
2 159
2 162
2 169
2 170
2 184
2 198
3 8
3 10
3 13
3 14
3 23
3 26
3 28
3 31
3 39
3 42
3 44
3 57
3 67
3 69
3 71
3 74
3 83
3 85
3 95
3 105
3 109
3 110
3 114
3 117
3 119
3 137
3 145
3 156
3 169
3 181
3 195
3 197
4 5
4 12
4 16
4 78
4 102
4 116
4 117
4 136
4 156
4 176
4 182
4 192
4 198
5 6
5 9
5 28
5 31
5 40
5 42
5 43
5 58
5 62
5 63
5 65
5 67
5 71
5 80
5 83
5 95
5 100
5 114
5 132
5 142
5 158
5 159
5 160
5 164
5 169
5 180
5 182
5 195
5 197
6 1
6 8
6 12
6 30
6 31
6 40
6 53
6 58
6 59
6 62
6 74
6 81
6 91
6 107
6 117
6 118
6 160
6 175
7 1
7 8
7 12
7 13
7 15
7 16
7 20
7 31
7 35
7 42
7 44
7 56
7 57
7 65
7 69
7 74
7 86
7 88
7 90
7 97
7 100
7 107
7 109
7 111
7 121
7 129
7 133
7 143
7 147
7 152
7 173
7 179
7 181
7 182
7 184
7 185
7 189
7 194
7 195
7 196
7 197
8 57
8 61
8 81
8 88
8 94
8 107
8 133
8 138
8 153
8 159
8 160
9 1
9 6
9 39
9 80
9 83
9 95
9 101
9 119
9 130
9 160
10 1
10 28
10 34
10 69
10 90
10 101
10 102
10 116
10 118
10 119
10 129
10 138
10 149
10 150
10 156
10 162
10 183
10 188
11 6
11 10
11 28
11 31
11 35
11 38
11 43
11 56
11 58
11 67
11 69
11 71
11 72
11 80
11 85
11 90
11 109
11 114
11 138
11 142
11 159
11 173
11 177
11 182
11 196
11 200
12 1
12 119
13 8
13 23
13 31
13 57
13 67
13 80
13 83
13 89
13 107
13 153
13 173
13 182
13 188
13 200
14 8
14 13
14 22
14 25
14 26
14 34
14 38
14 39
14 43
14 51
14 52
14 53
14 57
14 65
14 69
14 81
14 83
14 88
14 90
14 94
14 99
14 138
14 158
14 159
14 162
14 175
14 182
14 188
14 190
14 195
14 197
14 200
15 12
15 58
15 119
15 140
16 5
16 15
16 29
16 30
16 33
16 34
16 40
16 45
16 57
16 61
16 62
16 65
16 80
16 86
16 90
16 91
16 102
16 114
16 119
16 121
16 129
16 132
16 150
16 168
16 172
16 176
16 178
16 181
16 182
16 188
16 189
16 190
17 5
17 16
17 20
17 32
17 34
17 42
17 56
17 65
17 67
17 74
17 83
17 90
17 97
17 99
17 106
17 107
17 111
17 129
17 138
17 143
17 145
17 147
17 160
17 165
17 190
18 74
18 91
18 117
18 175
19 20
19 26
19 30
19 34
19 36
19 53
19 67
19 74
19 83
19 94
19 95
19 106
19 109
19 118
19 129
19 130
19 132
19 133
19 143
19 150
19 173
19 197
20 1
20 6
20 12
20 23
20 31
20 34
20 38
20 39
20 56
20 57
20 61
20 71
20 85
20 90
20 101
20 105
20 107
20 132
20 136
20 150
20 181
20 190
20 200
21 2
21 7
21 8
21 15
21 16
21 17
21 20
21 31
21 32
21 34
21 38
21 44
21 46
21 53
21 58
21 63
21 65
21 78
21 84
21 86
21 88
21 91
21 94
21 97
21 99
21 100
21 105
21 106
21 116
21 119
21 125
21 128
21 130
21 131
21 134
21 143
21 145
21 151
21 152
21 155
21 161
21 162
21 168
21 173
21 187
21 188
21 190
21 192
21 200
22 6
22 40
22 64
22 74
22 122
22 188
23 31
23 35
23 74
23 80
23 88
23 119
23 182
24 3
24 5
24 6
24 7
24 13
24 27
24 64
24 80
24 86
24 95
24 99
24 100
24 102
24 119
24 137
24 138
24 152
24 158
24 176
24 177
24 181
24 190
24 193
24 195
25 1
25 107
25 119
25 140
26 18
26 25
26 34
26 38
26 40
26 42
26 44
26 53
26 61
26 63
26 69
26 70
26 88
26 99
26 110
26 119
26 122
26 130
26 159
26 160
26 169
26 170
26 175
26 182
26 200
27 3
27 14
27 19
27 25
27 28
27 30
27 44
27 53
27 58
27 61
27 62
27 63
27 64
27 69
27 83
27 90
27 100
27 101
27 102
27 105
27 107
27 110
27 118
27 119
27 132
27 133
27 158
27 169
27 172
27 173
27 188
27 189
27 200
28 15
28 25
28 31
28 34
28 36
28 40
28 58
28 61
28 69
28 71
28 74
28 80
28 85
28 88
28 105
28 107
28 116
28 118
28 129
28 130
28 133
28 138
28 145
28 150
28 181
28 200
29 13
29 14
29 15
29 42
29 44
29 57
29 80
29 94
29 100
29 105
29 114
29 116
29 119
29 136
29 156
29 164
29 177
29 190
29 200
30 1
30 36
30 57
30 91
30 105
30 107
30 119
30 133
30 138
30 153
31 1
31 58
31 107
31 153
31 179
32 3
32 5
32 9
32 10
32 18
32 28
32 31
32 34
32 36
32 38
32 58
32 71
32 74
32 86
32 90
32 99
32 101
32 130
32 131
32 153
32 164
32 176
32 182
32 189
32 198
32 200
33 25
33 57
33 74
33 138
34 1
34 6
34 13
34 23
34 35
34 40
34 62
34 70
34 71
34 80
34 88
34 90
34 94
34 100
34 105
34 117
34 118
34 119
34 133
34 138
34 140
34 149
34 150
34 182
34 188
34 190
35 1
35 15
35 31
35 90
35 91
35 107
35 149
35 153
35 179
36 1
36 58
36 119
36 138
36 153
37 3
37 5
37 13
37 20
37 28
37 31
37 32
37 35
37 38
37 39
37 40
37 41
37 46
37 53
37 58
37 62
37 66
37 69
37 72
37 80
37 82
37 92
37 95
37 106
37 115
37 124
37 129
37 133
37 143
37 144
37 147
37 155
37 159
37 169
37 179
37 187
37 188
37 189
37 194
37 198
38 12
38 25
38 31
38 33
38 36
38 40
38 42
38 53
38 57
38 61
38 62
38 63
38 64
38 67
38 69
38 74
38 80
38 88
38 90
38 99
38 100
38 105
38 109
38 110
38 114
38 118
38 122
38 129
38 130
38 133
38 158
38 160
38 169
38 175
38 181
38 195
38 200
39 15
39 25
39 53
39 59
39 80
39 88
39 90
39 101
39 105
39 110
39 114
39 116
39 133
39 140
39 175
40 12
40 25
40 31
40 57
40 58
40 118
41 8
41 30
41 44
41 67
41 110
41 116
41 119
41 138
41 150
41 153
41 169
41 178
41 189
42 12
42 18
42 25
42 30
42 35
42 36
42 57
42 58
42 62
42 91
42 95
42 101
42 107
42 110
42 114
42 117
42 122
42 133
42 153
42 172
42 182
43 9
43 18
43 39
43 42
43 58
43 100
43 117
43 119
43 130
43 133
43 149
43 159
44 8
44 25
44 39
44 42
44 57
44 59
44 61
44 62
44 74
44 105
44 107
44 118
44 138
44 159
44 160
44 182
44 188
45 9
45 30
45 31
45 38
45 39
45 42
45 44
45 53
45 63
45 64
45 74
45 90
45 101
45 106
45 116
45 132
45 160
45 178
45 190
45 194
46 3
46 5
46 8
46 12
46 13
46 16
46 20
46 26
46 29
46 31
46 35
46 36
46 39
46 42
46 58
46 67
46 69
46 72
46 78
46 80
46 89
46 90
46 91
46 95
46 100
46 101
46 107
46 110
46 119
46 121
46 126
46 129
46 131
46 136
46 137
46 145
46 147
46 150
46 156
46 158
46 160
46 161
46 168
46 171
46 173
46 175
46 177
46 178
46 181
46 185
46 188
46 194
46 196
47 3
47 8
47 14
47 16
47 19
47 20
47 26
47 29
47 32
47 34
47 36
47 38
47 45
47 57
47 58
47 61
47 69
47 71
47 72
47 74
47 75
47 104
47 105
47 121
47 127
47 128
47 140
47 143
47 150
47 157
47 159
47 169
47 172
47 184
48 10
48 12
48 13
48 17
48 25
48 26
48 27
48 32
48 34
48 38
48 40
48 42
48 44
48 49
48 50
48 52
48 53
48 56
48 65
48 67
48 69
48 71
48 72
48 73
48 74
48 82
48 83
48 88
48 90
48 93
48 99
48 104
48 105
48 106
48 111
48 117
48 127
48 130
48 131
48 133
48 142
48 155
48 157
48 158
48 162
48 166
48 170
48 175
48 176
48 177
48 181
48 183
48 185
48 192
49 64
49 69
49 70
49 74
49 90
49 101
49 104
49 128
49 132
49 143
49 149
49 172
49 181
49 185
49 189
49 190
49 197
50 9
50 12
50 14
50 16
50 19
50 20
50 27
50 29
50 30
50 32
50 35
50 38
50 39
50 42
50 56
50 64
50 65
50 69
50 71
50 72
50 90
50 107
50 116
50 117
50 119
50 130
50 133
50 150
50 152
50 157
50 160
50 168
50 182
50 183
50 185
50 188
50 194
51 25
51 31
51 36
51 119
52 36
52 40
52 69
52 70
52 83
52 130
52 160
52 200
53 12
53 57
53 74
53 88
53 90
53 105
53 175
54 10
54 13
54 17
54 23
54 28
54 40
54 42
54 46
54 50
54 58
54 105
54 119
54 131
54 156
54 160
54 162
54 169
54 173
54 176
54 181
54 200
55 4
55 7
55 15
55 16
55 17
55 22
55 26
55 28
55 31
55 40
55 43
55 48
55 50
55 67
55 71
55 80
55 86
55 88
55 93
55 99
55 102
55 105
55 107
55 110
55 112
55 114
55 121
55 122
55 124
55 127
55 141
55 152
55 160
55 166
55 170
55 173
55 175
55 177
55 181
55 190
55 199
55 200
56 8
56 13
56 25
56 31
56 34
56 53
56 57
56 62
56 67
56 70
56 71
56 101
56 105
56 107
56 119
56 122
56 130
56 136
56 150
56 178
56 181
57 12
57 64
57 74
57 90
57 107
57 119
57 138
58 12
58 90
58 107
58 172
59 61
59 88
59 91
59 105
59 145
60 3
60 67
60 90
60 113
60 125
60 135
60 160
60 161
60 176
60 194
61 12
61 15
61 25
61 36
61 53
61 57
61 88
61 107
61 119
61 145
61 175
61 188
62 1
62 12
62 18
62 25
62 30
62 31
62 74
62 81
62 90
62 114
62 116
62 117
62 119
62 122
62 175
63 8
63 22
63 23
63 33
63 34
63 40
63 56
63 58
63 61
63 80
63 83
63 85
63 97
63 118
63 129
63 130
63 153
63 158
63 169
63 177
63 183
63 194
63 195
65 10
65 12
65 18
65 20
65 28
65 31
65 38
65 56
65 59
65 64
65 69
65 88
65 90
65 95
65 99
65 101
65 105
65 107
65 109
65 110
65 114
65 129
65 130
65 132
65 136
65 138
65 142
65 172
65 195
66 5
66 7
66 8
66 10
66 13
66 20
66 21
66 25
66 27
66 29
66 32
66 34
66 38
66 45
66 46
66 48
66 50
66 53
66 58
66 61
66 63
66 64
66 65
66 70
66 71
66 74
66 80
66 82
66 90
66 91
66 95
66 101
66 105
66 106
66 114
66 117
66 119
66 124
66 125
66 127
66 128
66 135
66 139
66 143
66 147
66 155
66 157
66 158
66 162
66 169
66 173
66 175
66 176
66 178
66 181
66 183
66 184
66 186
66 188
66 189
66 196
66 197
67 8
67 12
67 23
67 31
67 39
67 42
67 61
67 64
67 83
67 90
67 91
67 95
67 101
67 110
67 114
67 116
67 145
67 175
67 178
67 195
68 20
68 34
68 44
68 46
68 69
68 72
68 78
68 90
68 104
68 107
68 112
68 141
68 165
68 166
68 172
68 175
68 181
68 200
69 1
69 8
69 12
69 18
69 25
69 30
69 31
69 39
69 58
69 67
69 80
69 83
69 97
69 101
69 116
69 118
69 160
69 178
69 182
69 200
70 18
70 61
70 62
70 80
70 88
70 101
70 122
71 1
71 12
71 15
71 39
71 44
71 58
71 62
71 74
71 80
71 81
71 88
71 90
71 95
71 97
71 107
71 114
71 118
71 119
71 140
71 145
71 159
71 160
71 178
71 182
71 188
72 1
72 10
72 12
72 19
72 20
72 26
72 33
72 34
72 35
72 38
72 40
72 42
72 57
72 59
72 67
72 71
72 74
72 83
72 88
72 97
72 101
72 105
72 107
72 109
72 117
72 119
72 122
72 131
72 133
72 136
72 150
72 156
72 168
72 169
72 175
72 181
72 189
72 194
72 195
73 9
73 10
73 20
73 31
73 34
73 35
73 53
73 65
73 91
73 129
73 179
73 190
74 12
75 22
75 31
75 38
75 56
75 58
75 61
75 65
75 74
75 107
75 147
75 152
75 157
75 160
75 164
75 169
75 175
75 182
75 185
75 189
75 200
76 8
76 13
76 31
76 59
76 101
76 102
76 116
76 150
76 153
77 2
77 4
77 8
77 10
77 13
77 14
77 16
77 31
77 46
77 47
77 48
77 50
77 58
77 71
77 72
77 87
77 89
77 91
77 92
77 97
77 99
77 116
77 119
77 126
77 128
77 131
77 139
77 142
77 143
77 147
77 150
77 156
77 157
77 162
77 164
77 166
77 178
77 184
77 192
77 194
77 197
78 5
78 10
78 12
78 13
78 19
78 20
78 22
78 25
78 27
78 36
78 38
78 44
78 61
78 62
78 63
78 64
78 67
78 71
78 72
78 81
78 88
78 95
78 99
78 100
78 101
78 102
78 103
78 105
78 106
78 109
78 118
78 122
78 130
78 131
78 150
78 156
78 157
78 169
78 173
78 176
78 178
78 193
78 195
78 196
78 197
78 200
79 74
79 91
80 1
80 31
80 35
80 36
80 53
80 57
80 74
80 91
80 95
80 107
80 110
80 114
80 116
80 138
80 160
82 5
82 8
82 9
82 19
82 25
82 28
82 30
82 36
82 38
82 44
82 46
82 50
82 51
82 58
82 61
82 62
82 69
82 83
82 86
82 95
82 101
82 104
82 105
82 106
82 109
82 110
82 119
82 121
82 126
82 136
82 143
82 150
82 155
82 160
82 161
82 162
82 182
82 184
82 195
82 196
83 1
83 6
83 8
83 12
83 23
83 31
83 35
83 36
83 40
83 42
83 44
83 53
83 59
83 62
83 81
83 90
83 91
83 101
83 107
83 116
83 119
83 122
83 130
83 145
83 159
83 179
84 1
84 2
84 3
84 6
84 7
84 8
84 11
84 12
84 13
84 20
84 28
84 29
84 30
84 35
84 38
84 51
84 63
84 72
84 74
84 80
84 86
84 88
84 89
84 107
84 112
84 118
84 125
84 130
84 143
84 145
84 147
84 152
84 167
84 176
84 177
84 178
84 190
84 192
84 195
84 198
85 12
85 40
85 44
85 64
85 83
85 140
85 159
86 3
86 8
86 10
86 15
86 19
86 25
86 31
86 35
86 53
86 61
86 62
86 64
86 69
86 80
86 85
86 88
86 91
86 97
86 99
86 101
86 102
86 107
86 109
86 114
86 118
86 122
86 132
86 143
86 145
86 150
86 157
86 159
86 160
86 169
86 175
86 182
86 189
86 190
86 195
86 196
86 198
87 2
87 3
87 13
87 20
87 21
87 25
87 27
87 32
87 33
87 42
87 48
87 53
87 62
87 69
87 70
87 72
87 73
87 84
87 85
87 86
87 88
87 90
87 92
87 100
87 105
87 107
87 137
87 144
87 150
87 153
87 159
87 183
87 187
87 190
87 197
87 200
88 1
88 12
88 25
88 64
88 90
88 97
88 105
88 107
88 118
88 149
88 172
88 179
89 12
89 31
89 58
89 61
89 90
89 159
89 160
90 107
90 119
91 1
91 31
91 36
92 5
92 8
92 13
92 16
92 19
92 23
92 24
92 26
92 27
92 28
92 29
92 30
92 31
92 32
92 38
92 39
92 42
92 44
92 49
92 50
92 56
92 61
92 63
92 65
92 72
92 74
92 80
92 82
92 86
92 90
92 91
92 97
92 99
92 102
92 105
92 106
92 107
92 109
92 110
92 112
92 116
92 118
92 125
92 127
92 131
92 133
92 136
92 141
92 143
92 144
92 145
92 150
92 151
92 152
92 157
92 161
92 166
92 168
92 173
92 175
92 176
92 181
92 184
92 185
92 187
92 188
92 190
92 192
92 196
92 200
93 1
93 3
93 5
93 8
93 16
93 17
93 19
93 20
93 25
93 28
93 31
93 45
93 53
93 72
93 73
93 76
93 83
93 90
93 91
93 106
93 112
93 116
93 128
93 131
93 132
93 133
93 138
93 144
93 155
93 156
93 160
93 178
93 190
94 90
94 118
95 1
95 15
95 53
95 58
95 64
95 74
95 88
95 105
95 110
95 117
95 175
96 10
96 13
96 17
96 19
96 20
96 25
96 26
96 31
96 32
96 39
96 44
96 46
96 50
96 53
96 56
96 61
96 65
96 70
96 74
96 80
96 85
96 102
96 104
96 112
96 114
96 119
96 125
96 126
96 139
96 147
96 166
96 169
96 175
96 178
96 195
97 90
98 7
98 11
98 14
98 24
98 34
98 36
98 43
98 44
98 47
98 49
98 53
98 61
98 63
98 66
98 71
98 73
98 92
98 95
98 99
98 102
98 111
98 112
98 116
98 122
98 126
98 127
98 129
98 130
98 131
98 133
98 149
98 151
98 152
98 159
98 175
98 182
98 184
98 185
98 188
98 192
98 196
98 200
99 25
99 28
99 33
99 40
99 57
99 58
99 64
99 67
99 70
99 88
99 94
99 100
99 101
99 102
99 105
99 106
99 109
99 110
99 114
99 117
99 119
99 129
99 133
99 149
99 150
99 158
99 159
99 160
99 164
99 173
99 177
99 181
99 182
99 188
99 195
100 12
100 30
100 31
100 44
100 67
100 71
100 85
100 88
100 94
100 97
100 101
100 105
100 118
100 138
100 145
100 149
100 159
100 175
100 178
100 200
101 1
101 8
101 12
101 15
101 35
101 53
101 59
101 61
101 64
101 74
101 105
101 107
101 110
101 118
101 140
102 8
102 23
102 31
102 64
102 81
102 100
102 133
102 145
102 158
102 160
102 178
102 182
103 31
104 3
104 9
104 11
104 12
104 16
104 18
104 19
104 22
104 29
104 34
104 50
104 54
104 56
104 63
104 69
104 70
104 72
104 78
104 83
104 85
104 90
104 106
104 107
104 110
104 113
104 119
104 121
104 126
104 130
104 131
104 133
104 134
104 145
104 152
104 155
104 156
104 157
104 160
104 166
104 169
104 176
104 178
104 185
104 191
104 194
105 15
105 31
105 36
105 64
105 90
105 91
105 133
105 153
106 8
106 12
106 15
106 31
106 36
106 51
106 58
106 59
106 61
106 71
106 85
106 94
106 107
106 119
106 142
106 177
106 178
107 119
108 7
108 8
108 20
108 26
108 28
108 29
108 31
108 34
108 53
108 57
108 58
108 86
108 88
108 99
108 105
108 106
108 110
108 116
108 119
108 124
108 126
108 127
108 132
108 136
108 155
108 161
108 164
108 175
108 176
108 179
108 184
108 185
108 192
108 195
109 1
109 13
109 39
109 40
109 44
109 53
109 57
109 62
109 74
109 97
109 107
109 117
109 159
109 181
109 195
109 200
110 36
110 64
110 91
110 118
110 182
111 12
111 88
111 90
111 119
111 132
112 2
112 7
112 8
112 12
112 13
112 15
112 17
112 26
112 28
112 32
112 34
112 36
112 38
112 42
112 46
112 56
112 57
112 61
112 63
112 64
112 69
112 71
112 73
112 80
112 81
112 82
112 83
112 88
112 91
112 95
112 97
112 102
112 104
112 105
112 109
112 110
112 111
112 118
112 122
112 126
112 128
112 138
112 148
112 149
112 150
112 152
112 156
112 157
112 159
112 160
112 162
112 169
112 173
112 176
112 178
112 181
112 184
112 188
112 189
112 190
112 195
112 197
113 11
113 16
113 28
113 34
113 53
113 86
113 105
113 114
113 121
113 126
113 130
113 150
113 153
113 155
113 156
113 158
113 159
113 171
113 181
114 31
114 35
114 58
114 64
114 74
114 91
114 105
114 107
114 133
114 172
114 182
114 188
115 2
115 16
115 19
115 22
115 40
115 50
115 62
115 67
115 69
115 71
115 72
115 100
115 105
115 121
115 126
115 132
115 133
115 142
115 143
115 152
115 155
115 156
115 162
115 172
115 175
115 195
116 25
116 30
116 36
116 53
116 64
116 88
116 107
116 175
117 57
117 74
117 153
118 57
118 91
118 107
118 119
120 1
120 3
120 13
120 20
120 25
120 26
120 28
120 30
120 34
120 35
120 36
120 39
120 40
120 42
120 44
120 48
120 58
120 64
120 66
120 68
120 82
120 83
120 84
120 90
120 92
120 94
120 95
120 97
120 99
120 104
120 105
120 110
120 117
120 121
120 128
120 134
120 135
120 139
120 144
120 151
120 165
120 166
120 169
120 171
120 174
120 180
120 182
120 185
120 189
120 197
120 198
120 199
120 200
121 8
121 12
121 18
121 19
121 25
121 28
121 32
121 38
121 42
121 44
121 45
121 53
121 67
121 71
121 72
121 73
121 74
121 83
121 85
121 90
121 119
121 153
121 162
121 167
121 169
121 172
121 177
121 184
121 188
121 195
122 15
122 25
122 58
122 61
122 74
122 90
122 91
122 159
122 160
123 28
123 80
123 128
123 189
124 2
124 7
124 10
124 11
124 20
124 25
124 26
124 28
124 35
124 38
124 45
124 46
124 48
124 52
124 53
124 54
124 61
124 65
124 69
124 71
124 74
124 75
124 78
124 83
124 90
124 93
124 96
124 100
124 101
124 104
124 107
124 112
124 119
124 127
124 133
124 135
124 150
124 158
124 166
124 173
124 176
124 182
124 188
124 189
124 190
125 2
125 7
125 19
125 27
125 28
125 30
125 38
125 39
125 50
125 56
125 57
125 58
125 64
125 67
125 71
125 74
125 80
125 83
125 85
125 88
125 91
125 113
125 130
125 131
125 144
125 149
125 153
125 161
125 173
125 176
125 178
125 184
125 198
126 6
126 8
126 9
126 10
126 12
126 13
126 18
126 20
126 25
126 29
126 36
126 39
126 41
126 42
126 43
126 53
126 56
126 61
126 63
126 65
126 67
126 69
126 71
126 91
126 105
126 107
126 109
126 118
126 119
126 121
126 122
126 130
126 131
126 133
126 138
126 143
126 149
126 150
126 157
126 159
126 169
126 181
126 184
126 189
126 196
126 200
127 1
127 6
127 11
127 12
127 14
127 19
127 25
127 27
127 29
127 41
127 42
127 44
127 50
127 53
127 67
127 70
127 72
127 78
127 86
127 88
127 90
127 109
127 110
127 117
127 126
127 129
127 130
127 133
127 143
127 147
127 155
127 160
127 165
127 176
127 181
127 188
127 189
127 190
127 192
127 193
127 195
128 1
128 12
128 14
128 26
128 28
128 30
128 31
128 32
128 35
128 36
128 39
128 40
128 42
128 50
128 52
128 58
128 61
128 64
128 65
128 78
128 81
128 82
128 83
128 86
128 90
128 91
128 95
128 97
128 99
128 105
128 106
128 114
128 116
128 118
128 119
128 126
128 129
128 131
128 138
128 147
128 149
128 156
128 157
128 158
128 159
128 160
128 168
128 169
128 171
128 176
128 181
128 185
128 188
128 189
128 192
128 198
129 9
129 13
129 35
129 42
129 52
129 62
129 80
129 90
129 100
129 119
129 130
129 158
129 170
129 178
129 179
129 188
129 200
130 1
130 6
130 12
130 31
130 39
130 58
130 61
130 74
130 88
130 91
130 101
130 133
130 153
131 1
131 6
131 12
131 14
131 19
131 20
131 23
131 25
131 34
131 36
131 38
131 39
131 53
131 56
131 57
131 58
131 62
131 64
131 65
131 69
131 73
131 74
131 83
131 91
131 95
131 97
131 100
131 102
131 106
131 110
131 118
131 119
131 122
131 136
131 143
131 165
131 173
131 175
131 178
131 181
131 189
132 22
132 25
132 34
132 35
132 42
132 56
132 71
132 76
132 83
132 85
132 101
132 105
132 159
132 170
132 182
133 25
133 36
133 64
133 91
133 107
133 117
133 119
133 145
133 153
133 182
134 1
134 11
134 12
134 32
134 90
134 94
134 95
134 100
134 101
134 105
134 110
134 118
134 130
134 131
134 160
134 175
134 182
134 195
134 198
135 1
135 14
135 16
135 19
135 20
135 21
135 27
135 28
135 31
135 32
135 34
135 38
135 42
135 44
135 45
135 46
135 47
135 50
135 54
135 61
135 62
135 64
135 65
135 71
135 76
135 82
135 93
135 94
135 101
135 107
135 111
135 113
135 116
135 117
135 119
135 121
135 131
135 147
135 155
135 157
135 160
135 161
135 162
135 166
135 169
135 171
135 176
135 177
135 181
135 184
135 185
135 189
135 190
135 192
135 197
135 198
135 200
136 44
136 61
136 62
136 74
136 133
136 159
137 79
139 13
139 38
139 67
139 72
139 83
139 147
139 156
139 158
139 169
139 185
141 2
141 5
141 11
141 13
141 15
141 19
141 25
141 29
141 49
141 56
141 58
141 62
141 64
141 70
141 72
141 74
141 82
141 83
141 88
141 89
141 90
141 96
141 100
141 107
141 112
141 113
141 115
141 117
141 118
141 126
141 128
141 130
141 131
141 132
141 133
141 137
141 144
141 145
141 147
141 150
141 155
141 157
141 160
141 162
141 168
141 169
141 175
141 176
141 177
141 181
141 184
141 185
141 188
141 189
141 197
142 57
142 80
142 105
142 145
143 12
143 35
143 44
143 63
143 83
143 85
143 90
143 100
143 105
143 109
143 110
143 119
143 122
143 133
143 150
143 169
143 195
143 200
144 1
144 2
144 3
144 4
144 5
144 7
144 11
144 13
144 15
144 16
144 23
144 28
144 30
144 31
144 38
144 39
144 53
144 54
144 63
144 65
144 67
144 72
144 83
144 85
144 94
144 100
144 105
144 132
144 134
144 143
144 147
144 156
144 157
144 159
144 161
144 164
144 169
144 173
144 176
144 179
144 183
144 187
144 188
144 189
144 190
144 194
144 196
144 200
145 90
146 8
147 5
147 6
147 12
147 14
147 19
147 20
147 29
147 32
147 42
147 58
147 63
147 64
147 72
147 78
147 80
147 91
147 119
147 126
147 129
147 143
147 149
147 156
147 159
147 162
147 175
147 179
147 182
147 183
147 188
147 189
147 197
147 200
148 34
148 69
148 119
148 127
148 143
148 185
149 133
149 182
150 6
150 9
150 12
150 15
150 22
150 25
150 31
150 40
150 42
150 44
150 53
150 57
150 58
150 64
150 67
150 69
150 71
150 88
150 91
150 97
150 100
150 101
150 102
150 107
150 114
150 118
150 119
150 122
150 130
150 145
150 153
150 159
150 160
150 177
150 182
150 188
150 190
150 193
150 200
151 1
151 7
151 8
151 9
151 13
151 14
151 16
151 19
151 26
151 28
151 29
151 30
151 31
151 49
151 53
151 57
151 61
151 65
151 71
151 72
151 81
151 82
151 86
151 90
151 93
151 96
151 100
151 101
151 104
151 106
151 110
151 115
151 117
151 121
151 125
151 129
151 131
151 132
151 144
151 147
151 150
151 155
151 159
151 175
151 178
151 184
151 190
151 192
151 197
151 198
152 3
152 6
152 8
152 12
152 13
152 14
152 27
152 29
152 31
152 36
152 38
152 40
152 52
152 53
152 65
152 69
152 74
152 89
152 90
152 101
152 106
152 109
152 119
152 121
152 122
152 129
152 133
152 136
152 143
152 150
152 153
152 157
152 159
152 168
152 172
152 175
152 190
152 195
152 198
152 200
153 1
153 15
153 57
153 74
153 119
154 1
154 6
154 8
154 12
154 22
154 25
154 27
154 34
154 35
154 36
154 44
154 50
154 62
154 63
154 64
154 67
154 69
154 74
154 78
154 85
154 86
154 88
154 90
154 92
154 96
154 99
154 105
154 108
154 112
154 117
154 119
154 122
154 126
154 127
154 132
154 133
154 140
154 143
154 144
154 151
154 152
154 155
154 156
154 169
154 174
154 179
154 186
154 187
154 196
154 197
154 199
154 200
155 3
155 20
155 22
155 25
155 35
155 39
155 40
155 45
155 58
155 65
155 69
155 71
155 78
155 80
155 83
155 88
155 90
155 99
155 100
155 101
155 105
155 106
155 110
155 132
155 145
155 149
155 160
155 164
155 168
155 173
155 177
155 178
155 179
155 181
155 183
155 189
155 198
155 200
156 1
156 12
156 15
156 28
156 33
156 40
156 61
156 62
156 63
156 67
156 71
156 74
156 80
156 83
156 88
156 94
156 99
156 100
156 106
156 107
156 114
156 118
156 122
156 133
156 136
156 153
156 169
156 175
156 181
156 182
156 194
156 200
157 5
157 12
157 14
157 19
157 26
157 28
157 34
157 56
157 58
157 59
157 62
157 67
157 73
157 80
157 83
157 88
157 95
157 107
157 110
157 117
157 118
157 119
157 122
157 131
157 133
157 136
157 149
157 159
157 169
157 195
157 196
158 12
158 31
158 40
158 58
158 62
158 64
158 74
158 90
158 91
158 100
158 105
158 117
158 172
158 175
158 179
158 188
159 12
159 15
159 18
159 31
159 40
159 57
159 61
159 64
159 74
159 90
159 95
159 97
159 118
159 119
159 133
159 160
159 175
159 179
160 30
160 31
160 35
160 36
160 58
160 133
160 172
160 188
161 5
161 19
161 25
161 31
161 35
161 39
161 69
161 78
161 89
161 101
161 105
161 107
161 116
161 118
161 122
161 129
161 133
161 152
161 159
161 160
161 168
161 169
161 176
161 184
161 188
162 28
162 33
162 35
162 36
162 38
162 40
162 42
162 56
162 61
162 67
162 71
162 74
162 80
162 88
162 100
162 105
162 106
162 109
162 118
162 122
162 130
162 132
162 149
162 159
162 160
162 169
162 182
163 56
164 12
164 33
164 52
164 61
164 102
164 116
164 181
164 188
164 190
164 200
165 74
165 178
166 1
166 3
166 7
166 9
166 26
166 28
166 31
166 44
166 58
166 61
166 64
166 71
166 78
166 105
166 116
166 119
166 127
166 129
166 130
166 143
166 145
166 152
166 159
166 162
166 175
166 176
166 198
167 6
167 40
168 15
168 20
168 36
168 64
168 69
168 71
168 73
168 89
168 91
168 99
168 101
168 106
168 107
168 117
168 119
168 122
168 130
168 132
168 133
168 149
168 159
168 164
168 173
168 175
168 178
168 195
168 197
169 6
169 22
169 28
169 57
169 64
169 90
169 91
169 107
169 109
169 114
169 116
169 117
169 119
169 129
169 133
169 145
169 158
169 159
169 160
169 170
169 173
169 175
169 177
169 181
169 182
169 188
169 195
169 200
170 12
170 18
170 30
170 57
170 105
170 114
170 130
170 188
171 12
171 145
173 1
173 25
173 31
173 40
173 53
173 61
173 67
173 80
173 81
173 89
173 136
173 140
173 200
174 1
174 2
174 7
174 9
174 10
174 14
174 20
174 24
174 27
174 30
174 32
174 38
174 41
174 44
174 50
174 53
174 56
174 59
174 62
174 64
174 65
174 66
174 67
174 69
174 71
174 75
174 85
174 90
174 92
174 100
174 101
174 104
174 105
174 109
174 110
174 117
174 119
174 121
174 127
174 131
174 135
174 144
174 153
174 156
174 160
174 161
174 162
174 169
174 175
174 181
174 182
174 189
174 190
174 191
174 198
175 74
175 117
176 6
176 12
176 13
176 19
176 23
176 27
176 38
176 39
176 40
176 42
176 43
176 45
176 52
176 53
176 62
176 64
176 65
176 71
176 72
176 73
176 76
176 83
176 85
176 88
176 91
176 100
176 101
176 105
176 118
176 119
176 130
176 133
176 156
176 160
176 164
176 168
176 169
176 173
176 188
176 190
176 200
177 40
177 59
178 1
178 6
178 23
178 36
178 42
178 58
178 80
178 107
178 119
178 133
178 149
178 172
178 177
178 188
179 12
181 8
181 25
181 39
181 40
181 52
181 53
181 61
181 74
181 80
181 88
181 89
181 100
181 102
181 105
181 106
181 107
181 117
181 119
181 129
181 130
181 153
181 158
181 175
181 177
181 188
181 190
181 195
181 200
182 57
182 91
182 153
182 179
183 13
183 39
183 61
183 81
183 90
183 91
183 105
183 106
183 160
183 177
183 190
184 1
184 3
184 10
184 13
184 18
184 20
184 27
184 31
184 34
184 62
184 64
184 65
184 70
184 74
184 78
184 80
184 81
184 90
184 102
184 107
184 114
184 132
184 145
184 150
184 157
184 173
184 181
184 182
184 188
184 189
184 197
184 198
185 1
185 3
185 6
185 10
185 20
185 22
185 28
185 30
185 31
185 33
185 39
185 42
185 53
185 57
185 59
185 62
185 63
185 65
185 67
185 70
185 71
185 78
185 80
185 83
185 90
185 94
185 99
185 101
185 105
185 110
185 116
185 126
185 147
185 149
185 150
185 153
185 155
185 164
185 169
185 170
185 171
185 173
185 175
185 176
185 178
185 181
185 189
185 192
185 194
185 195
185 196
185 200
186 7
186 14
186 27
186 28
186 32
186 40
186 63
186 70
186 73
186 107
186 142
186 161
186 181
186 185
186 190
186 195
187 14
187 28
187 34
187 41
187 53
187 71
187 83
187 101
187 110
187 156
187 184
187 185
188 31
188 35
188 90
188 140
188 179
189 8
189 9
189 18
189 25
189 31
189 34
189 35
189 42
189 44
189 57
189 58
189 61
189 62
189 64
189 88
189 94
189 101
189 116
189 117
189 167
189 172
189 173
189 177
189 178
189 181
189 182
189 194
190 1
190 6
190 22
190 31
190 39
190 42
190 57
190 58
190 64
190 83
190 114
190 117
190 119
190 133
190 137
190 142
190 158
190 160
190 170
190 172
190 178
190 182
190 195
190 200
191 14
191 31
191 150
191 152
191 168
191 185
191 195
191 196
192 1
192 8
192 14
192 16
192 19
192 25
192 26
192 28
192 29
192 30
192 34
192 38
192 40
192 44
192 53
192 69
192 74
192 80
192 88
192 109
192 116
192 129
192 131
192 136
192 140
192 149
192 155
192 158
192 160
192 168
192 181
192 183
192 190
193 12
193 18
193 57
193 105
193 182
194 34
194 40
194 58
194 62
194 64
194 69
194 70
194 90
194 114
194 164
194 188
195 6
195 12
195 33
195 35
195 44
195 64
195 85
195 101
195 105
195 116
195 118
195 119
195 137
195 160
195 175
195 178
196 1
196 3
196 12
196 13
196 28
196 30
196 31
196 40
196 41
196 51
196 56
196 57
196 61
196 62
196 63
196 65
196 67
196 80
196 81
196 85
196 94
196 99
196 101
196 102
196 105
196 107
196 119
196 131
196 132
196 133
196 138
196 150
196 153
196 159
196 168
196 169
196 182
196 190
196 197
196 200
197 9
197 15
197 18
197 28
197 31
197 36
197 38
197 44
197 56
197 59
197 62
197 71
197 74
197 83
197 95
197 97
197 102
197 106
197 117
197 118
197 119
197 130
197 143
197 159
197 164
197 165
197 173
197 175
197 178
197 181
198 9
198 10
198 12
198 19
198 27
198 28
198 31
198 34
198 35
198 39
198 42
198 53
198 65
198 73
198 80
198 81
198 90
198 95
198 102
198 106
198 107
198 110
198 122
198 131
198 132
198 133
198 150
198 158
198 159
198 168
198 176
198 179
198 181
198 182
198 188
198 189
198 194
198 195
198 197
198 200
199 7
199 13
199 14
199 24
199 25
199 27
199 28
199 30
199 31
199 32
199 39
199 40
199 46
199 50
199 54
199 58
199 59
199 61
199 64
199 66
199 71
199 72
199 73
199 78
199 80
199 83
199 85
199 86
199 90
199 93
199 95
199 99
199 100
199 101
199 105
199 109
199 113
199 119
199 121
199 122
199 125
199 126
199 128
199 140
199 141
199 144
199 150
199 153
199 156
199 158
199 162
199 173
199 174
199 178
199 184
199 185
199 186
199 188
199 194
199 200
200 1
200 18
200 23
200 25
200 30
200 31
200 35
200 39
200 42
200 44
200 58
200 62
200 70
200 74
200 80
200 88
200 101
200 110
200 116
200 118
200 130
200 159
200 175
200 177
